generation,N_shifts,logPrior,logLik,eventRate,acceptRate
0,0,-32.5086,-87.8145,1,0
100,3,2.2353,-73.3787,1,0.87
200,2,-5.49289,-62.1288,0.61012,0.84
300,3,-1.98861,-64.6233,2.85242,0.84
400,4,15.1807,-56.7174,0.693945,0.83
500,1,-0.657301,-62.1071,0.883136,0.822
600,2,7.61293,-61.6504,0.883136,0.811667
700,2,8.1826,-61.4008,0.883136,0.797143
800,2,9.2688,-53.6986,1.34719,0.77875
900,1,3.63986,-48.9911,2.11719,0.776667
1000,3,16.0477,-26.1928,4.0686,0.69031
1100,4,26.4338,-31.2529,3.68998,0.64
1200,4,24.667,-26.9997,1.23267,0.665
1300,4,23.4798,-27.4563,3.28999,0.64
1400,6,33.8696,-21.1145,5.97128,0.62
1500,9,49.997,-24.595,5.97128,0.63
1600,9,51.4728,-25.4003,4.33966,0.623333
1700,11,67.5161,-24.1325,3.61196,0.615714
1800,11,68.8194,-17.3767,3.61196,0.6075
1900,9,59.306,-14.8574,3.61196,0.61
2000,8,52.8623,-21.3552,3.61196,0.601
2100,8,54.8607,-18.3684,3.61196,0.6
2200,6,39.8077,-21.0918,4.85336,0.59
2300,8,57.2863,-17.7446,3.61297,0.6
2400,7,50.7053,-21.0083,3.01216,0.585
2500,5,39.1402,-22.3151,1.13299,0.56
2600,5,34.1408,-26.3186,3.30403,0.58
2700,4,26.8674,-25.4354,2.39942,0.585714
2800,4,24.611,-25.0862,2.08872,0.59875
2900,3,20.1363,-22.9753,2.08872,0.604444
3000,3,23.4794,-25.2704,1.60557,0.607
3100,2,17.551,-25.0807,0.563777,0.65
3200,1,9.31553,-32.7056,1.87025,0.625
3300,1,12.8631,-27.3836,0.188501,0.633333
3400,0,6.60635,-29.2834,0.420242,0.6325
3500,0,7.52986,-22.351,0.11804,0.608
3600,0,7.28743,-25.9781,0.273292,0.591667
3700,0,6.9783,-17.1519,0.624004,0.597143
3800,0,7.19418,-13.0779,0.507346,0.59375
3900,1,12.565,-13.1414,1.01987,0.584444
4000,1,12.7614,-11.0197,0.725764,0.577
4100,0,7.60512,-10.8473,0.217591,0.43
4200,1,13.9315,-17.7326,0.448599,0.53
4300,3,25.4045,-13.3302,2.58056,0.546667
4400,3,23.1038,-12.6225,5.18838,0.5425
4500,3,23.5681,-7.72659,5.40911,0.528
4600,1,13.7367,-8.00597,1.91014,0.521667
4700,1,15.005,-7.01842,0.485244,0.531429
4800,2,21.9078,-12.7999,0.742575,0.52625
4900,4,29.853,-19.1972,1.64472,0.535556
5000,4,29.3699,-20.8377,3.19231,0.539
5100,8,59.7442,-16.9187,3.19231,0.57
5200,8,57.7349,-21.4666,5.41503,0.575
5300,6,44.992,-15.8352,3.15305,0.566667
5400,7,53.7589,-16.9911,3.15305,0.555
5500,4,30.3101,-8.5808,3.15305,0.54
5600,5,35.4054,-9.15057,3.15305,0.531667
5700,4,33.4409,-14.799,3.83714,0.527143
5800,2,21.8282,-16.6459,1.19024,0.525
5900,1,14.9366,-3.77549,0.306283,0.523333
6000,0,7.47585,2.09782,0.642286,0.577333
6100,0,7.43427,2.83146,0.702952,0.32
6200,0,7.63453,2.26552,0.555361,0.385
6300,0,7.57992,5.21986,0.555361,0.386667
6400,1,15.1057,-1.01536,0.353299,0.38
6500,1,14.6082,2.84374,0.396291,0.394
6600,1,14.0906,-4.47723,0.689142,0.4
6700,0,7.47013,-3.43117,0.689142,0.414286
6800,0,7.42998,-0.167511,0.777801,0.41875
6900,0,7.29518,-4.02944,0.767243,0.42
7000,1,8.83448,-2.95929,0.482632,0.475075
7100,1,9.55443,0.47482,0.482632,0.43
7200,1,9.49292,4.28828,0.630342,0.46
7300,2,14.1039,2.14811,3.57155,0.44
7400,1,8.78633,5.06197,1.73364,0.445
7500,1,8.60501,3.08388,1.78772,0.438
7600,2,15.7307,-2.23043,0.707575,0.453333
7700,2,16.0512,0.360735,0.707575,0.458571
7800,2,15.7541,4.70581,1.51234,0.465
7900,1,9.01205,6.34308,1.51234,0.454444
8000,0,7.3931,3.95297,0.777708,0.557305
8100,0,7.69176,4.74273,0.450664,0.36
8200,0,7.57049,5.7828,0.664779,0.375
8300,0,8.11234,0.186036,0.122931,0.393333
8400,0,7.96311,3.76005,0.21049,0.3925
8500,0,7.29778,-0.446763,0.875813,0.386
8600,2,20.1698,2.22855,4.11051,0.405
8700,2,23.4594,1.17715,0.639602,0.405714
8800,1,15.4182,-0.509216,0.695654,0.405
8900,1,13.9903,-1.43614,1.15873,0.402222
9000,1,13.6008,-0.759511,1.06619,0.45775
9100,1,13.6242,2.01516,1.96681,0.38
9200,1,11.3848,4.84144,1.96681,0.41
9300,2,20.4979,10.3397,0.382468,0.373333
9400,0,6.81285,8.72628,1.38089,0.3625
9500,0,6.92329,5.80658,1.31361,0.366
9600,0,7.93959,7.86928,0.296518,0.361667
9700,0,8.04302,8.22015,0.204866,0.351429
9800,0,8.08081,4.5534,0.195888,0.35125
9900,0,8.09502,3.48804,0.195888,0.354444
10000,0,7.3583,6.41905,0.876107,0.355
10100,0,7.30921,2.7191,0.96072,0.44
10200,0,8.01447,6.57633,0.230987,0.375
10300,0,6.97384,1.95099,1.19627,0.38
10400,1,13.9243,-1.05137,1.19627,0.395
10500,0,6.15783,5.10465,2.07899,0.41
10600,1,14.9238,6.00577,1.62325,0.415
10700,1,10.7495,-1.39789,1.62325,0.42
10800,1,12.8842,-0.422978,0.388296,0.42875
10900,0,7.93258,0.701015,0.189983,0.428889
11000,0,8.00767,-11.2617,0.00715667,0.431
11100,0,7.94677,-0.622011,0.136046,0.53
11200,2,23.1685,0.708418,0.566983,0.43
11300,2,22.6732,-2.51192,1.257,0.43
11400,0,7.53342,-0.145931,0.664452,0.44
11500,1,14.3772,8.44605,1.70688,0.436
11600,1,13.9528,5.01695,1.76559,0.406667
11700,0,6.16441,2.60678,2.0447,0.408571
11800,0,7.84119,2.35814,0.394554,0.41375
11900,0,7.50435,3.94702,0.669186,0.417778
12000,0,8.03917,-0.775009,0.167351,0.42
12100,0,8.1611,4.58026,0.0651018,0.38
12200,0,8.13861,1.89664,0.0875909,0.335
12300,0,8.10561,-2.27837,0.056289,0.366667
12400,0,8.13501,1.81064,0.0268895,0.395
12500,0,8.16771,2.79448,0.0268895,0.398
12600,0,7.51657,-2.40157,0.570205,0.4
12700,0,7.94099,-4.85083,0.0835975,0.401429
12800,0,8.01932,-4.23911,0.00527179,0.415
12900,0,8.09308,-4.92072,0.00527179,0.415556
13000,0,8.02208,-4.33468,0.0857764,0.415
13100,0,7.80646,-3.69469,0.335056,0.5
13200,1,9.60137,0.0543803,1.54808,0.445
13300,0,6.62539,3.64987,1.51612,0.46
13400,0,7.45458,2.94113,0.728338,0.46
13500,0,7.6768,-8.98757,0.506114,0.45
13600,0,8.01043,-3.28096,0.172488,0.445
13700,0,7.09166,0.162571,1.02938,0.444286
13800,0,7.87082,-2.30876,0.19562,0.445
13900,0,7.74487,2.27129,0.417867,0.442222
14000,1,13.4362,-2.96027,0.68039,0.42325
14100,1,12.0228,-4.3018,2.06996,0.53
14200,0,7.97859,-2.52811,0.115764,0.475
14300,0,7.7621,-5.40993,0.307438,0.446667
14400,0,7.5883,0.289985,0.44275,0.4375
14500,0,7.5883,-2.53024,0.44275,0.44
14600,0,7.97457,-1.66132,0.0920757,0.453333
14700,0,7.08074,-0.981366,1.03093,0.457143
14800,0,7.88545,-1.34635,0.195048,0.45875
14900,1,14.2366,-2.72209,0.140481,0.452222
15000,0,7.92779,-2.76614,0.152705,0.445
15100,0,7.52585,-3.5062,0.513156,0.41
15200,1,14.8543,-7.56232,0.472811,0.415
15300,2,22.8778,-3.12603,0.453829,0.436667
15400,2,21.0277,-1.46756,1.16002,0.425
15500,0,8.02638,-4.28366,0.154424,0.45
15600,0,7.79432,-2.13556,0.324225,0.431667
15700,0,7.99273,3.52215,0.260275,0.424286
15800,1,12.6198,1.85832,0.374734,0.425
15900,1,13.7974,3.49364,0.138777,0.426667
16000,0,7.80068,0.168893,0.329306,0.425
16100,0,7.97962,-4.65708,0.0490205,0.52
16200,0,8.13424,1.91564,0.0490205,0.505
16300,0,8.14297,6.6736,0.0490205,0.44
16400,0,7.53417,4.76233,0.6099,0.425
16500,0,6.89069,4.38844,1.27577,0.42
16600,2,20.0632,4.46112,2.94477,0.426667
16700,2,21.426,7.14049,2.94477,0.428571
16800,1,12.8625,5.80728,3.42887,0.42625
16900,3,28.3833,-3.63034,3.42887,0.425556
17000,1,14.27,-2.75959,1.11408,0.43
17100,0,6.96867,0.869904,1.11408,0.45
17200,0,7.43994,6.04961,0.759258,0.355
17300,1,10.6919,5.0445,0.217827,0.353333
17400,0,8.00798,1.11315,0.154041,0.3625
17500,0,7.20201,-0.155801,0.94062,0.364
17600,0,7.94887,-3.12755,0.109964,0.386667
17700,0,7.80912,2.8484,0.37768,0.397143
17800,0,7.72228,-0.0909884,0.443855,0.39875
17900,0,7.89301,-2.42786,0.269553,0.401111
18000,2,17.8744,4.15771,1.7124,0.406
18100,2,20.2557,2.97593,1.30281,0.38
18200,2,20.0038,-1.10872,1.82714,0.45
18300,3,26.0453,-0.029639,3.24853,0.466667
18400,4,33.4269,0.222226,2.80999,0.45
18500,4,33.9849,7.82764,2.80999,0.45
18600,4,33.0869,-2.21007,4.07017,0.461667
18700,3,29.6377,-2.99664,0.981006,0.45
18800,0,6.99225,2.07709,1.15436,0.45125
18900,0,7.36906,4.41818,0.777551,0.438889
19000,5,39.4436,5.99194,1.30853,0.4585
19100,5,36.4359,5.54589,4.29865,0.47
19200,5,36.1674,10.4584,4.29865,0.455
19300,4,28.205,4.4354,4.29865,0.43
19400,4,31.1282,6.04903,1.08304,0.4375
19500,4,30.3315,13.7677,1.08304,0.446
19600,5,34.966,10.333,4.9965,0.43
19700,6,43.307,10.9715,2.73211,0.427143
19800,6,43.3045,12.8571,2.73211,0.415
19900,7,48.6764,11.7771,4.1936,0.422222
20000,7,48.203,10.6938,4.1936,0.422
20100,5,32.8141,11.1364,5.5634,0.37
20200,5,34.5763,6.04895,3.88725,0.38
20300,5,36.8845,5.30548,2.09458,0.39
20400,5,36.9839,8.27478,1.71299,0.41
20500,5,35.3809,6.90139,3.01629,0.416
20600,4,28.1585,6.88957,2.53024,0.408333
20700,4,29.8166,2.09886,1.85208,0.411429
20800,5,38.8153,7.24358,1.07475,0.41
20900,4,26.7135,2.10402,5.2326,0.398889
21000,0,6.83212,-9.24586,1.2605,0.410692
21100,2,20.0616,-14.4263,1.87811,0.4
21200,1,15.3763,-1.85425,0.746829,0.435
21300,1,16.089,-1.89017,0.171559,0.456667
21400,0,7.91204,0.677487,0.171559,0.4475
21500,0,7.68136,4.01836,0.539423,0.424
21600,0,7.62658,1.13349,0.592995,0.413333
21700,2,23.3723,-1.33097,0.592995,0.41
21800,2,21.652,0.978623,0.592995,0.405
21900,2,21.7669,-2.37727,0.592995,0.412222
22000,4,33.0365,-1.33844,0.882457,0.422
22100,4,32.8142,-1.16193,0.882457,0.41
22200,3,26.6819,-3.02438,3.20986,0.445
22300,2,22.0795,1.48497,0.67232,0.436667
22400,3,28.7155,-0.210224,1.62202,0.465
22500,0,7.41655,4.37633,0.785853,0.456
22600,0,8.03849,5.72408,0.153442,0.448333
22700,0,8.09166,0.276123,0.0345744,0.431429
22800,0,8.10959,-1.53001,0.0142123,0.42125
22900,0,8.13103,-1.15448,0.0142123,0.417778
23000,0,8.16625,-1.17446,0.00711515,0.427
23100,0,8.03925,-2.61703,0.0617047,0.42
23200,2,23.003,-1.97143,1.59341,0.42
23300,4,38.515,-0.989846,1.59341,0.396667
23400,4,37.8242,-0.460369,1.59341,0.395
23500,4,33.7328,2.64207,3.43579,0.42
23600,4,33.9135,-0.36986,2.58341,0.428333
23700,5,39.4875,-7.62424,3.00002,0.437143
23800,3,25.674,-3.55311,3.406,0.45625
23900,4,30.2259,-2.97036,3.406,0.462222
24000,3,23.7896,-4.817,1.82912,0.463
24100,5,35.2531,-7.2795,1.53661,0.51
24200,5,35.1033,-1.96849,2.21758,0.52
24300,7,50.0142,-4.16479,3.49941,0.493333
24400,7,49.1208,-0.831769,3.64114,0.495
24500,4,33.9472,-4.47986,1.08985,0.492
24600,4,33.7007,-2.20128,1.1646,0.471667
24700,1,14.719,0.118069,1.48941,0.488571
24800,1,14.06,0.872211,1.10815,0.47875
24900,0,7.13836,8.32419,1.09346,0.475556
25000,1,13.3219,8.52244,1.09346,0.463
25100,2,20.3654,13.8161,1.12902,0.4
25200,1,15.8873,13.4642,0.208556,0.335
25300,1,15.8339,16.1537,0.295345,0.343333
25400,1,13.9293,18.0382,1.48587,0.3325
25500,1,14.3624,11.8721,1.48587,0.334
25600,1,14.5486,14.2998,0.571309,0.336667
25700,3,23.9807,11.2427,3.20651,0.335714
25800,4,32.7246,8.4759,3.20651,0.3375
25900,4,28.5478,6.21625,2.71197,0.345556
26000,4,30.5055,8.86392,2.39241,0.338
26100,4,29.4602,10.9583,2.93771,0.4
26200,2,18.4824,13.5616,1.69762,0.335
26300,1,14.4034,12.0552,1.52639,0.313333
26400,1,14.3407,9.64058,1.52639,0.3275
26500,0,6.88675,9.05644,1.35502,0.328
26600,2,20.9258,1.26447,2.13269,0.34
26700,2,22.6829,3.47008,0.347239,0.352857
26800,2,22.2819,4.96049,0.61738,0.3625
26900,0,8.11219,3.41723,0.153495,0.358889
27000,1,14.521,4.11292,0.955862,0.405111
27100,2,21.7502,4.92153,0.687449,0.43
27200,0,7.21035,5.95669,1.0181,0.345
27300,2,21.7726,6.1193,0.82411,0.366667
27400,1,15.8167,5.27596,0.562352,0.37
27500,0,7.67664,5.92353,0.500951,0.39
27600,0,8.00291,4.11052,0.221701,0.381667
27700,0,8.08532,0.839238,0.116076,0.38
27800,0,8.01639,2.5266,0.131618,0.38625
27900,0,7.51596,7.13203,0.694322,0.375556
28000,0,7.56173,-4.7875,0.619848,0.3795
28100,0,7.98878,-0.619979,0.127228,0.4
28200,0,8.05008,-1.4587,0.0870002,0.42
28300,0,7.53009,-0.409994,0.642952,0.416667
28400,1,14.331,2.72196,0.650093,0.4075
28500,0,6.96189,4.40176,1.24675,0.402
28600,0,6.82419,1.66435,1.41907,0.383333
28700,0,7.60494,2.96266,0.574723,0.385714
28800,0,7.88006,3.51709,0.339155,0.375
28900,0,7.48673,6.42791,0.711717,0.381111
29000,0,7.69094,0.933705,0.507507,0.381
29100,0,8.14088,2.79395,0.0480334,0.39
29200,0,8.01838,5.07174,0.206104,0.355
29300,1,12.6859,3.48279,1.75048,0.37
29400,1,11.7426,4.63149,2.42336,0.3925
29500,0,7.35957,5.18232,0.833707,0.386
29600,0,7.76007,-4.22068,0.311499,0.39
29700,0,7.81713,-2.01084,0.297971,0.398571
29800,0,6.38748,1.28014,1.72762,0.39625
29900,0,7.56319,3.9726,0.571256,0.39
30000,2,19.356,5.53462,0.414074,0.4106
30100,3,21.3729,1.57731,3.29867,0.51
30200,3,21.1829,1.51142,3.29867,0.485
30300,3,22.5893,-11.657,1.79217,0.466667
30400,4,27.9506,-12.0762,3.55236,0.4975
30500,8,56.95,-7.24113,3.73573,0.492
30600,7,48.705,-4.14512,3.73573,0.488333
30700,6,42.2014,-4.67857,2.50426,0.488571
30800,5,35.8516,-5.41022,2.92844,0.49375
30900,5,36.0324,-3.95097,2.92844,0.491111
31000,1,12.2449,-3.17704,3.60887,0.4165
31100,1,14.6903,0.155034,0.914113,0.43
31200,0,7.88696,-0.589086,0.164388,0.41
31300,0,8.12463,2.05082,0.0778017,0.383333
31400,0,7.0866,2.57126,1.06287,0.3675
31500,2,21.9183,-2.37471,1.4497,0.374
31600,0,7.23986,4.12826,0.989034,0.37
31700,0,7.45264,4.77833,0.766657,0.364286
31800,1,15.3672,-0.137372,0.766657,0.3675
31900,0,7.38513,-3.61891,0.766657,0.378889
32000,0,7.47451,-7.92111,0.344234,0.410579
32100,1,13.761,-1.61573,1.58352,0.5
32200,0,6.27379,-7.00154,1.58352,0.5
32300,0,7.125,-2.64885,0.732314,0.483333
32400,0,6.90072,-7.99342,0.965853,0.49
32500,0,7.7479,0.266387,0.164868,0.472
32600,0,7.60953,-2.00382,0.30324,0.456667
32700,0,7.84147,0.835108,0.0874524,0.452857
32800,0,7.89809,3.76939,0.0308272,0.4475
32900,0,7.84166,0.492331,0.0308272,0.424444
33000,0,8.17445,8.86299,0.0597537,0.385
33100,1,11.1763,10.4851,0.999736,0.43
33200,0,7.97093,5.02933,0.274569,0.405
33300,0,7.89187,-0.084871,0.314849,0.376667
33400,0,7.96666,0.677401,0.22768,0.3925
33500,0,8.06984,-5.93636,0.0538686,0.398
33600,0,8.01701,-2.48413,0.0495885,0.41
33700,0,7.7902,-6.71987,0.276394,0.414286
33800,0,7.2486,-2.30213,0.813773,0.40625
33900,0,7.94585,-7.11641,0.0547312,0.415556
34000,4,33.8124,2.53883,0.939387,0.4485
34100,3,25.6568,-0.66191,1.32376,0.39
34200,2,18.0072,6.12662,1.51596,0.4
34300,2,16.7288,5.46178,2.64705,0.383333
34400,4,33.1973,5.22264,1.59991,0.3925
34500,3,26.0705,2.54188,1.59991,0.4
34600,5,40.2982,0.480841,1.59991,0.41
34700,4,32.2912,1.21859,2.98472,0.414286
34800,5,37.5505,4.68367,2.98472,0.41375
34900,3,23.9873,1.85852,3.47829,0.411111
35000,3,26.8512,3.10738,1.66145,0.413667
35100,3,24.9919,2.95345,3.81547,0.36
35200,3,26.3782,3.38836,3.11038,0.375
35300,3,28.2052,3.45942,1.19541,0.366667
35400,2,21.1806,4.24271,1.19541,0.3575
35500,2,19.2073,2.87018,3.01411,0.37
35600,4,30.5537,3.99475,4.23581,0.366667
35700,5,37.4879,0.31753,5.41717,0.36
35800,5,43.9173,5.02145,1.21382,0.365
35900,6,50.4605,6.86103,2.79143,0.364444
36000,5,42.4297,0.068003,3.03441,0.369
36100,4,34.3632,7.49075,3.03441,0.41
36200,5,35.9737,5.50619,3.55629,0.415
36300,6,49.0805,7.32033,3.55629,0.426667
36400,7,56.3768,4.88402,4.09523,0.415
36500,8,64.0148,-4.78153,4.3836,0.422
36600,6,49.8368,3.66809,2.9366,0.415
36700,6,47.8578,-0.278895,4.34071,0.424286
36800,6,49.9057,-2.33509,2.95252,0.4225
36900,6,49.7716,2.60618,3.09403,0.414444
37000,8,63.8691,-1.19824,4.15614,0.42
37100,9,67.9529,-2.27681,4.82324,0.45
37200,9,68.462,1.66853,3.96805,0.425
37300,8,59.7834,3.91712,6.00708,0.416667
37400,9,65.7353,-4.62836,6.00708,0.425
37500,9,66.5338,1.92796,4.73279,0.434
37600,4,34.7524,5.36615,2.26825,0.433333
37700,3,28.4017,8.45159,2.26825,0.421429
37800,3,27.0246,7.57366,0.995757,0.4225
37900,3,24.926,1.79811,3.26085,0.422222
38000,4,28.6641,7.40638,3.26085,0.418
38100,4,27.5353,2.47301,4.4268,0.37
38200,5,33.2281,3.2819,4.4268,0.395
38300,4,28.2664,-2.35592,3.87031,0.416667
38400,4,27.4612,3.00693,4.1439,0.4375
38500,2,17.3747,1.45258,2.80127,0.434
38600,0,5.84977,-7.93302,1.35179,0.443333
38700,0,6.77278,-4.68375,0.428777,0.434286
38800,1,13.052,-3.237,1.41473,0.44125
38900,1,14.5891,-3.73298,0.679938,0.442222
39000,1,12.3717,0.452978,0.534313,0.441
39100,0,7.15214,5.11107,0.0585984,0.41
39200,0,6.9994,-0.691758,0.225287,0.35
39300,2,18.0563,-2.99304,1.65954,0.366667
39400,3,26.2305,-5.216,1.65954,0.4125
39500,3,26.2086,-3.90991,1.53221,0.43
39600,1,13.3091,-3.38304,1.53221,0.443333
39700,1,13.0432,-4.48071,1.78172,0.448571
39800,0,6.60581,-7.61335,0.505127,0.45
39900,0,6.86978,-0.419778,0.292626,0.455556
