generation,N_shifts,logPrior,logLik,eventRate,acceptRate
0,0,-32.0155,-611.865,1,1
100,1,-11.9039,-144.599,1,0.57
200,3,3.7414,-139.135,1.74271,0.55
300,6,28.4422,-120.999,2.84544,0.546667
400,7,36.3794,-108.17,2.84544,0.53
500,7,34.3025,-103.059,2.84544,0.516
600,8,42.6361,-101.665,6.37897,0.483333
700,8,42.1497,-97.468,6.37897,0.468571
800,6,27.3468,-81.7035,6.37897,0.47125
900,7,51.0457,-67.6955,4.08627,0.468889
1000,4,30.2048,-62.4274,2.31126,0.479
1100,5,38.4532,-55.0233,4.73756,0.41
1200,4,29.5362,-59.4966,4.73756,0.41
1300,2,16.6706,-33.9568,4.73756,0.426667
1400,3,28.8722,-21.7657,1.0776,0.4325
1500,4,33.5028,-19.5896,4.16244,0.428
1600,5,43.7708,-12.2318,4.16244,0.415
1700,6,52.9671,-18.7164,1.72742,0.421429
1800,4,36.9999,-12.4115,1.72742,0.41125
1900,5,42.3132,-16.8325,3.09259,0.406667
2000,2,20.6342,-12.9992,3.77213,0.417
2100,2,23.2758,-12.4534,1.13052,0.36
2200,3,31.6415,-8.78734,1.26471,0.4
2300,5,42.2786,-1.63078,3.62789,0.413333
2400,5,43.4423,5.26416,2.37374,0.4075
2500,5,42.058,8.99252,3.82955,0.404
2600,5,41.6124,10.9356,3.82955,0.4
2700,5,42.5657,6.91009,2.45736,0.392857
2800,6,46.065,5.06437,5.64391,0.4
2900,5,44.934,5.46095,1.79557,0.413333
3000,5,44.934,10.2295,1.79557,0.406
3100,4,37.6187,19.3528,4.13643,0.43
3200,5,45.4384,21.04,4.13643,0.44
3300,3,29.9376,20.0508,4.13643,0.416667
3400,2,22.7148,21.752,2.75195,0.415
3500,2,23.1498,24.3757,2.49803,0.418
3600,2,25.1263,26.9358,0.466305,0.4
3700,2,24.9052,19.2749,0.688228,0.41
3800,3,30.178,11.256,3.71269,0.41
3900,3,29.3694,13.0188,4.52095,0.411111
4000,4,37.2166,15.4944,2.58183,0.407
4100,3,30.3426,16.2151,2.58183,0.35
4200,3,30.1643,20.0157,3.0475,0.36
4300,4,37.7675,18.8151,3.0475,0.373333
4400,4,38.52,26.0454,3.0475,0.365
4500,3,32.4134,31.3288,0.760473,0.358
4600,4,36.6265,32.6472,3.87378,0.368333
4700,5,45.6822,29.3622,3.87378,0.374286
4800,5,46.539,21.1007,3.87378,0.36625
4900,6,55.3667,27.4618,3.87378,0.362222
5000,4,39.927,29.82,1.645,0.362
5100,3,29.9237,32.1201,3.17129,0.35
5200,2,24.2788,27.9555,0.870855,0.31
5300,2,23.7634,37.3272,1.38628,0.313333
5400,3,29.9326,32.0423,2.45053,0.3225
5500,4,36.9914,38.6233,2.45053,0.322
5600,4,36.9116,37.6349,2.45053,0.313333
5700,6,50.0891,30.5988,2.42301,0.315714
5800,3,31.7279,33.3336,0.421815,0.32875
5900,3,31.1686,33.5737,0.675954,0.327778
6000,2,23.3401,29.45,1.47861,0.332
6100,2,21.2995,11.3152,3.5192,0.42
6200,1,13.2102,7.3841,3.78864,0.375
6300,1,15.5223,13.6268,1.54343,0.38
6400,2,21.4614,23.838,1.85813,0.3625
6500,2,19.9292,21.0429,3.49703,0.352
6600,1,16.5129,20.342,0.692195,0.346667
6700,1,16.0588,23.043,1.16164,0.352857
6800,1,16.8853,22.8918,0.316596,0.3475
6900,1,16.5656,26.1776,0.636323,0.347778
7000,1,16.4929,24.2333,0.596117,0.336
7100,0,8.15516,20.6819,0.48967,0.32
7200,0,8.09084,19.8125,0.596893,0.34
7300,0,8.09084,28.1941,0.596893,0.32
7400,1,14.5964,30.2217,0.942173,0.3225
7500,3,30.2429,31.9302,0.942173,0.328
7600,1,15.5989,36.4333,0.789993,0.335
7700,1,15.343,29.6033,0.753914,0.331429
7800,0,7.56821,31.9159,1.12479,0.3375
7900,1,13.4632,34.4922,0.269177,0.337778
8000,1,15.9545,-0.495711,0.856121,0.545807
8100,0,7.81313,4.852,0.856121,0.31
8200,2,22.4621,0.53263,1.85673,0.37
8300,1,15.308,8.63638,1.85673,0.383333
8400,0,8.13653,-1.93785,0.53272,0.38
8500,0,8.03205,1.86752,0.610284,0.368
8600,0,8.25834,0.0775349,0.406775,0.371667
8700,0,8.35971,-0.38103,0.291221,0.362857
8800,1,16.6625,2.82572,0.742985,0.37
8900,0,7.09379,2.51195,1.56447,0.372222
9000,0,8.56831,10.183,0.11608,0.375
9100,0,8.35831,10.8047,0.326072,0.34
9200,1,15.5854,2.78773,0.866592,0.34
9300,0,7.69761,-1.48559,0.997557,0.316667
9400,0,8.32921,10.7145,0.339799,0.3225
9500,0,8.55098,11.2907,0.138915,0.32
9600,0,7.75267,8.47144,0.937224,0.321667
9700,1,14.5952,8.76082,1.16847,0.34
9800,0,8.49257,20.7328,0.195189,0.3375
9900,0,8.49257,30.036,0.195189,0.328889
10000,0,8.58685,40.3638,0.0992525,0.443756
10100,0,8.61616,39.8074,0.0808403,0.37
10200,0,8.68984,32.3338,0.00716806,0.36
10300,0,8.69019,38.4513,0.00681591,0.333333
10400,0,8.65202,46.2679,0.0449809,0.3175
10500,1,15.1509,39.8305,1.56666,0.326
10600,2,24.6231,38.7467,0.595108,0.326667
10700,2,24.5461,35.4175,0.941058,0.337143
10800,2,23.9908,38.637,0.941058,0.34125
10900,3,31.7922,34.7318,0.941058,0.342222
11000,0,6.89828,37.6898,1.79904,0.345
11100,2,23.971,36.8959,0.331534,0.33
11200,1,14.9537,34.3138,2.14986,0.355
11300,0,6.74527,40.8527,1.95204,0.34
11400,0,8.52637,37.3864,0.170949,0.35
11500,0,8.65065,37.5024,0.0466649,0.344
11600,0,8.60253,36.1691,0.0948244,0.348333
11700,0,8.61166,30.8988,0.0856876,0.342857
11800,0,8.67848,26.0049,0.018866,0.345
11900,0,8.57288,25.686,0.124469,0.342222
12000,2,19.2823,59.0667,2.98757,0.408883
12100,3,28.6922,55.6978,1.80316,0.51
12200,3,28.3969,53.3362,2.58898,0.4
12300,3,29.8028,49.0168,1.40327,0.376667
12400,2,22.7413,51.115,1.10807,0.385
12500,2,23.1159,49.7544,1.10807,0.374
12600,1,14.5414,64.2289,0.989467,0.368333
12700,1,14.5414,65.0129,0.989467,0.362857
12800,2,21.9799,68.6657,0.989467,0.3525
12900,1,15.6371,74.1068,0.36163,0.353333
13000,1,15.0141,71.7779,0.984599,0.346
13100,1,15.0141,75.8558,0.984599,0.35
13200,2,22.9874,67.2176,1.55588,0.31
13300,4,38.5687,63.1978,2.36316,0.313333
13400,5,43.3503,67.0869,2.36316,0.315
13500,4,36.004,66.6673,3.93071,0.318
13600,4,38.2106,66.1847,1.43227,0.32
13700,3,29.7478,63.5623,1.43227,0.327143
13800,2,22.3188,57.2207,1.43227,0.32125
13900,2,22.78,57.2428,1.43227,0.335556
14000,2,21.8845,49.5489,1.97253,0.331
14100,3,28.9676,57.2162,1.97253,0.31
14200,3,28.197,54.1787,3.50116,0.33
14300,3,28.3676,53.9998,3.50116,0.336667
14400,3,30.553,46.9547,1.35618,0.35
14500,2,20.4516,45.058,3.10079,0.35
14600,2,20.2242,46.3447,3.32818,0.345
14700,2,19.5631,39.1626,3.32818,0.348571
14800,1,13.9508,38.7267,0.738297,0.34125
14900,1,13.6097,41.3338,0.738297,0.334444
15000,2,19.3719,30.8601,0.905776,0.332
15100,1,13.4312,35.6168,0.877907,0.36
15200,2,22.4779,31.5492,0.757677,0.39
15300,1,12.7691,27.7733,0.757677,0.373333
15400,1,13.6836,29.4859,0.757677,0.3625
15500,2,22.4192,28.5796,1.14069,0.368
15600,3,28.1679,31.8711,2.67613,0.37
15700,2,22.9502,39.277,0.373729,0.371429
15800,2,19.666,34.6588,3.66216,0.365
15900,3,28.0142,36.7708,0.711861,0.356667
16000,1,11.607,42.2495,2.79152,0.355
16100,3,27.9638,40.9706,2.79152,0.31
16200,3,26.2831,34.7381,2.79152,0.305
16300,2,21.6198,43.2605,0.952571,0.32
16400,2,22.3731,50.1374,1.13787,0.3325
16500,1,13.292,46.8291,1.47931,0.332
16600,1,13.9994,48.3884,0.757472,0.335
16700,1,14.2547,46.1436,0.560564,0.332857
16800,3,29.6484,47.8342,1.19974,0.345
16900,3,29.1917,48.8578,1.69399,0.332222
17000,0,8.52146,39.8948,0.168788,0.323333
17100,0,7.28207,34.0764,1.43795,0.2
17200,0,8.60846,29.8935,0.120452,0.235
17300,0,7.53269,37.5997,1.19622,0.276667
17400,0,8.50702,38.6707,0.221889,0.285
17500,0,7.69986,35.3341,0.993358,0.302
17600,0,8.42558,29.22,0.267638,0.306667
17700,0,8.43729,26.2257,0.262791,0.315714
17800,0,8.15149,23.7194,0.532057,0.32375
17900,1,14.6449,23.8108,1.54301,0.323333
18000,1,15.5343,31.8871,0.765446,0.325
18100,0,7.92589,35.509,0.765446,0.32
18200,0,7.75254,32.3015,0.904064,0.345
18300,0,7.79821,36.5163,0.904064,0.333333
18400,1,15.1273,37.3112,0.904064,0.325
18500,0,8.25337,42.3788,0.448902,0.326
18600,0,7.26742,40.0849,1.43485,0.323333
18700,0,8.09575,34.7127,0.57657,0.325714
18800,1,16.606,28.8719,0.737959,0.31875
18900,0,8.23403,24.1778,0.440778,0.318889
19000,0,8.0463,28.3898,0.628504,0.315
19100,0,8.45693,26.4323,0.217872,0.31
19200,0,8.5009,11.4527,0.183685,0.36
19300,0,7.12727,9.88332,1.48932,0.35
19400,0,6.89201,5.38055,1.72458,0.3425
19500,0,7.98807,3.7323,0.707331,0.358
19600,0,6.44209,8.87841,2.25331,0.355
19700,1,10.8887,0.610165,2.25331,0.357143
19800,1,13.7979,7.06707,1.91632,0.3675
19900,1,13.8178,6.74407,0.0497045,0.367778
20000,1,16.5213,21.8468,0.420893,0.332154
20100,0,8.17682,18.9708,0.481434,0.36
20200,0,8.25145,20.8177,0.410876,0.34
20300,0,8.37104,21.068,0.259939,0.35
20400,1,16.4768,20.4978,0.858234,0.355
20500,2,20.0607,20.5699,3.86469,0.362
20600,0,8.11328,18.3108,0.517704,0.366667
20700,1,14.4876,20.96,0.437276,0.341429
20800,0,6.97726,21.1248,1.69737,0.33625
20900,2,23.2939,22.6713,1.69737,0.337778
21000,1,15.5215,19.3228,1.69737,0.349
21100,0,8.08888,15.2966,0.564481,0.38
21200,0,8.26298,17.0935,0.382014,0.37
21300,0,8.0721,21.9293,0.582755,0.343333
21400,0,8.3342,18.9057,0.286847,0.3575
21500,1,15.2038,16.037,0.481724,0.386
21600,0,8.58209,15.3317,0.0837469,0.378333
21700,0,8.6201,22.124,0.0457399,0.367143
21800,0,8.65331,27.0339,0.0457399,0.365
21900,0,8.66566,33.2357,0.0375387,0.362222
22000,0,8.63942,27.5021,0.0669909,0.340231
22100,0,8.6466,22.3682,0.059815,0.3
22200,0,7.96225,32.7958,0.767903,0.31
22300,0,7.98007,33.2758,0.767903,0.29
22400,0,8.73014,28.0458,0.0178346,0.2925
22500,1,16.9498,32.0039,0.48054,0.324
22600,1,16.7185,31.3764,0.725656,0.316667
22700,0,7.09608,34.7725,1.65039,0.32
22800,0,8.58898,38.4354,0.157487,0.32375
22900,0,8.67799,39.5937,0.0684769,0.325556
23000,0,8.66585,28.014,0.0141701,0.35275
23100,0,8.66585,31.8529,0.0141701,0.33
23200,0,8.67297,29.5871,0.00747325,0.32
23300,0,8.6382,20.8604,0.0140855,0.326667
23400,0,8.37199,22.4668,0.280295,0.345
23500,0,8.12059,26.7979,0.531691,0.334
23600,0,8.13148,22.854,0.531691,0.326667
23700,0,8.1305,24.1339,0.531691,0.321429
23800,0,7.20099,27.5825,1.4612,0.33125
23900,1,15.1622,34.3558,1.39457,0.334444
24000,2,21.7808,30.378,2.25155,0.335
24100,0,8.22237,35.4868,0.494137,0.35
24200,0,8.29263,39.0528,0.430117,0.335
24300,0,8.49902,42.2059,0.166279,0.313333
24400,0,8.15912,50.0314,0.556033,0.33
24500,0,7.96079,55.2218,0.754364,0.312
24600,1,14.9808,53.9194,2.13374,0.308333
24700,1,14.8072,56.0156,2.15063,0.318571
24800,0,8.61133,49.9114,0.105823,0.32
24900,0,8.56469,50.2054,0.158472,0.323333
25000,0,8.48553,42.0007,0.233041,0.323
25100,0,8.56499,47.6968,0.153577,0.31
25200,0,8.25238,44.8397,0.443304,0.3
25300,1,15.4756,47.5853,0.884105,0.326667
25400,0,7.53881,44.2825,1.14362,0.3225
25500,0,8.37376,42.3699,0.308672,0.3
25600,1,17.1936,44.145,0.15388,0.293333
25700,1,16.731,42.711,0.616448,0.304286
25800,1,17.0776,40.851,0.269928,0.30375
25900,1,17.1176,49.2204,0.235142,0.314444
26000,1,14.9875,39.8177,1.39143,0.3476
26100,1,16.014,23.0559,0.539207,0.33
26200,1,16.4245,20.6653,0.713016,0.325
26300,0,8.10078,32.8368,0.625746,0.333333
26400,0,6.95453,33.0806,1.77199,0.325
26500,1,16.4906,40.7675,0.238734,0.338
26600,2,22.5749,38.7419,2.87971,0.336667
26700,2,23.8357,44.6007,1.57068,0.35
26800,0,7.13563,41.1781,1.57068,0.34625
26900,1,13.4918,37.1199,2.13592,0.34
27000,1,15.2492,39.9624,2.05342,0.336
27100,1,16.1763,35.532,0.278737,0.33
27200,0,8.03728,41.1943,0.701916,0.33
27300,3,30.3582,39.3994,1.41064,0.35
27400,4,37.846,39.3153,2.52741,0.3575
27500,4,36.847,43.3654,1.68564,0.36
27600,0,7.05355,42.9773,1.68564,0.348333
27700,0,8.12458,39.6686,0.614611,0.33
27800,0,8.41976,38.9185,0.278507,0.325
27900,0,8.71402,36.0855,0.0122237,0.323333
28000,0,8.69197,28.9055,0.0324586,0.326
28100,0,8.12097,31.8295,0.60207,0.33
28200,0,8.66527,39.8148,0.0577671,0.29
28300,0,8.66155,38.7849,0.0577671,0.29
28400,0,8.60207,34.8096,0.117246,0.2875
28500,0,8.20257,35.2813,0.516744,0.282
28600,0,8.20257,30.9835,0.516744,0.288333
28700,1,16.6146,36.3209,0.821707,0.302857
28800,0,7.9628,32.3677,0.756515,0.30375
28900,3,27.7318,36.8076,1.09552,0.301111
29000,2,20.8351,36.3321,1.37136,0.298
29100,0,7.34796,39.9654,1.37136,0.33
29200,0,8.20346,40.2767,0.515862,0.305
29300,0,8.22941,37.7086,0.515862,0.293333
29400,0,8.29256,48.4432,0.452715,0.2975
29500,1,14.7776,44.3008,1.80166,0.286
29600,3,30.6837,30.5071,1.74484,0.296667
29700,1,14.1726,29.9415,2.43473,0.304286
29800,0,7.665,34.4619,1.05505,0.3175
29900,2,20.9517,37.5484,1.91368,0.315556
30000,3,27.6559,34.9762,2.41422,0.325
30100,1,15.5062,28.2735,1.68022,0.46
30200,0,8.58304,25.324,0.137009,0.44
30300,0,8.58304,26.4082,0.137009,0.38
30400,0,8.58304,36.3926,0.137009,0.3525
30500,0,8.44487,35.5731,0.281288,0.35
30600,0,8.66723,33.1602,0.0589303,0.343333
30700,0,8.66658,30.9297,0.0589303,0.325714
30800,0,8.29456,30.0394,0.430953,0.32625
30900,0,8.29176,37.9924,0.430953,0.318889
31000,0,8.42437,42.7926,0.285582,0.316
31100,1,16.5887,37.2667,0.464724,0.34
31200,1,16.7326,34.892,0.464724,0.34
31300,0,8.26761,37.7926,0.464724,0.313333
31400,0,8.66718,51.2771,0.0651495,0.31
31500,0,8.61588,51.3819,0.116453,0.304
31600,0,8.71946,52.4644,0.0128711,0.3
31700,0,8.72552,55.72,0.0128711,0.295714
31800,0,8.71853,55.6961,0.0173636,0.29625
31900,0,8.71853,53.8083,0.0173636,0.294444
32000,1,16.0101,48.2919,1.12248,0.339
32100,1,15.1909,55.6618,1.92074,0.27
32200,2,20.3734,54.8203,0.892072,0.295
32300,2,24.514,46.5462,0.892072,0.27
32400,2,24.0198,50.7346,1.4273,0.265
32500,2,24.8295,55.6691,0.622675,0.27
32600,1,17.0027,49.0875,0.122798,0.293333
32700,1,17.0525,49.7953,0.0804809,0.295714
32800,1,15.9807,36.8462,1.16161,0.3
32900,1,16.9233,39.469,0.190048,0.306667
33000,0,7.88285,25.9959,0.814955,0.333167
33100,0,8.59911,20.4072,0.0975981,0.28
33200,0,8.36173,29.2813,0.334973,0.27
33300,2,22.7646,28.1016,0.924742,0.323333
33400,3,30.7647,34.8307,1.31986,0.335
33500,2,22.1833,37.5453,1.31986,0.31
33600,0,8.40804,28.4952,0.281904,0.31
33700,0,8.50225,29.7368,0.187689,0.314286
33800,1,15.6701,29.1957,1.02003,0.315
33900,1,15.4358,26.2517,1.77364,0.323333
34000,1,16.1281,23.31,1.03186,0.337
34100,0,8.28632,23.0019,0.3825,0.28
34200,1,13.1463,35.0229,1.16706,0.315
34300,1,16.1379,39.3315,0.550573,0.343333
34400,0,8.06485,46.9485,0.639965,0.3325
34500,2,19.1714,41.7133,1.5674,0.344
34600,0,7.99754,46.6855,0.690158,0.353333
34700,0,8.46255,44.9625,0.241799,0.344286
34800,0,7.16667,48.2552,1.53768,0.32875
34900,0,8.51909,49.6675,0.214729,0.323333
35000,0,8.56514,42.6344,0.164842,0.319
35100,0,8.6296,41.3662,0.0544597,0.23
35200,0,8.63336,34.6369,0.0486291,0.315
35300,0,8.65548,31.6875,0.0265072,0.306667
35400,0,8.65874,36.6494,0.0232538,0.3125
35500,0,8.67065,39.8438,0.0113447,0.332
35600,0,8.66564,36.3217,0.0298855,0.328333
35700,0,8.61299,43.2825,0.0825336,0.308571
35800,0,8.03737,43.2268,0.658156,0.3025
35900,1,16.3444,49.2119,1.10948,0.297778
36000,3,31.1872,42.3833,1.62847,0.301
36100,2,23.5129,39.5789,1.89232,0.27
36200,2,23.5129,40.6825,1.89232,0.275
36300,2,22.8621,30.7399,2.47072,0.27
36400,1,15.8727,33.3782,1.50862,0.305
36500,1,16.7857,39.6776,0.55441,0.324
36600,1,16.3469,32.5327,0.386951,0.345
36700,1,16.4492,32.9482,0.407146,0.341429
36800,0,8.56351,32.8599,0.158128,0.335
36900,1,13.8298,36.1947,2.07566,0.333333
37000,1,16.2155,54.9911,0.940902,0.3388
37100,1,16.3207,51.9088,0.835615,0.32
37200,1,16.6335,53.3942,0.519003,0.335
37300,1,16.041,52.3814,1.10547,0.326667
37400,3,29.9054,49.2421,1.10547,0.33
37500,3,25.6484,39.2993,4.21042,0.334
37600,3,29.6345,39.4796,1.87242,0.325
37700,3,29.6762,40.4093,0.861857,0.328571
37800,2,24.8406,39.7,0.861857,0.32625
37900,1,15.4397,40.0059,1.66323,0.332222
38000,1,16.654,32.8599,0.42115,0.323
38100,1,16.8018,35.337,0.238673,0.32
38200,2,23.7385,38.1994,1.1106,0.345
38300,2,24.6521,36.7774,1.1106,0.333333
38400,1,16.9189,39.7643,0.20962,0.3325
38500,1,16.1074,35.464,1.01005,0.318
38600,4,38.8985,26.243,2.4185,0.315
38700,2,24.4202,37.7902,0.782691,0.318571
38800,1,16.7766,33.5743,0.346177,0.3125
38900,1,14.9489,39.2215,2.13658,0.311111
39000,1,15.6613,41.0987,1.4242,0.309
39100,2,23.8326,28.0832,0.534838,0.42
39200,2,24.4169,30.5204,0.963408,0.375
39300,2,24.0338,22.8142,1.04632,0.356667
39400,1,15.6512,26.0711,1.53003,0.35
39500,2,23.958,33.4195,1.38545,0.35
39600,2,23.4678,29.3818,1.84614,0.363333
39700,2,23.2211,29.6335,1.84614,0.357143
39800,1,16.0748,26.6002,1.10715,0.34875
39900,2,24.7795,26.4881,1.10715,0.347778
