generation,N_shifts,logPrior,logLik,eventRate,acceptRate
0,0,-20.9607,-165.884,1,1
100,1,-11.9307,-162.047,0.336384,0.87
200,2,-7.91459,-163.558,2.06725,0.865
300,3,4.78172,-158.047,0.523705,0.85
400,4,11.2898,-152.722,0.824722,0.8625
500,6,21.7152,-150.153,2.91707,0.868
600,5,14.2781,-149.102,5.57476,0.87
700,6,30.2423,-140.436,3.5474,0.858571
800,8,44.7388,-132.263,3.69028,0.84625
900,7,34.0958,-133.336,4.93273,0.834444
1000,0,7.31091,-84.0058,0.0346956,0.782218
1100,0,6.71258,-73.0688,0.868261,0.65
1200,0,7.35103,-63.3875,0.341434,0.615
1300,0,7.66384,-61.2212,0.0735395,0.606667
1400,1,16.1031,-49.2618,0.499337,0.6075
1500,1,16.2181,-44.5827,0.640038,0.6
1600,1,16.0872,-41.3369,0.767882,0.595
1700,3,29.9205,-31.1871,1.94456,0.578571
1800,4,39.004,-28.1623,0.983463,0.55375
1900,3,29.6769,-24.6319,2.53138,0.543333
2000,5,42.2077,-25.7233,3.01917,0.667666
2100,3,27.1353,-28.1721,3.01917,0.45
2200,3,27.0649,-32.1892,3.01917,0.41
2300,3,27.5662,-31.8843,2.29419,0.43
2400,2,20.6558,-28.1405,2.29419,0.4525
2500,3,27.687,-31.9272,2.29419,0.448
2600,1,12.3851,-39.3641,3.64566,0.463333
2700,1,14.4886,-39.6119,1.35055,0.474286
2800,0,6.3873,-41.2336,1.83192,0.49625
2900,0,8.18196,-43.7648,0.16541,0.505556
3000,0,8.14284,-19.6808,0.330482,0.497
3100,2,20.7461,-26.5099,2.14794,0.52
3200,3,28.865,-22.9327,2.14794,0.52
3300,0,7.81191,-18.295,0.684802,0.48
3400,0,8.1422,-21.2794,0.32232,0.455
3500,0,7.77766,-24.6411,0.669968,0.456
3600,0,7.98906,-32.0983,0.409568,0.463333
3700,0,7.98906,-34.3322,0.409568,0.461429
3800,0,8.32074,-33.7583,0.0620197,0.46
3900,0,7.94798,-34.7334,0.428454,0.461111
4000,0,7.02556,-38.8494,1.31313,0.489
4100,2,17.0195,-37.7065,2.8798,0.55
4200,2,21.1073,-29.245,2.38543,0.555
4300,0,7.77447,-26.584,0.610722,0.516667
4400,1,14.2228,-28.0318,1.16552,0.5
4500,2,22.557,-29.8526,1.16552,0.492
4600,0,6.48538,-32.5827,1.88146,0.495
4700,1,15.7302,-30.3775,0.808075,0.502857
4800,1,15.215,-33.8068,0.808075,0.5025
4900,1,16.0063,-29.5904,0.901539,0.498889
5000,2,19.1288,-28.4653,2.28993,0.6556
5100,2,21.0403,-32.0872,0.771592,0.52
5200,6,52.0683,-26.8944,2.82026,0.515
5300,6,51.9777,-30.5717,2.82026,0.49
5400,5,43.722,-32.1433,4.05202,0.4925
5500,4,37.3587,-30.3931,3.40125,0.484
5600,3,29.3185,-29.1082,3.52918,0.491667
5700,2,23.4474,-27.7816,0.975162,0.504286
5800,3,29.1439,-32.5434,2.67729,0.50625
5900,4,35.7252,-34.6312,2.67729,0.516667
6000,0,8.22394,-30.5823,0.202123,0.5
6100,0,8.33555,-29.0819,0.11213,0.44
6200,0,8.13581,-40.7376,0.272874,0.405
6300,1,16.6774,-42.0322,0.138114,0.436667
6400,2,24.2293,-37.2851,0.368355,0.4575
6500,2,23.8158,-27.9565,0.718894,0.472
6600,1,14.7252,-29.3099,1.58911,0.475
6700,1,14.9212,-32.6291,0.834693,0.461429
6800,0,8.15002,-26.5268,0.301989,0.46375
6900,0,7.75536,-27.9882,0.71871,0.456667
7000,0,8.21258,-29.343,0.240226,0.461
7100,0,8.295,-27.7702,0.183366,0.45
7200,0,8.25581,-27.2354,0.183366,0.45
7300,0,7.85735,-30.6815,0.555178,0.463333
7400,0,7.91821,-27.0702,0.500474,0.4875
7500,0,7.97048,-29.0077,0.423165,0.474
7600,1,15.6727,-22.1426,1.33693,0.476667
7700,1,15.7066,-24.2405,1.33693,0.475714
7800,0,8.22665,-26.961,0.192304,0.47875
7900,0,6.16033,-22.5531,2.32281,0.478889
8000,0,8.13775,-23.1078,0.345382,0.48
8100,0,8.16631,-29.4278,0.299834,0.5
8200,0,8.00446,-25.0733,0.399892,0.48
8300,0,8.1814,-32.7012,0.260542,0.45
8400,0,8.33481,-37.345,0.038435,0.4175
8500,0,8.44602,-26.6468,0.0757702,0.434
8600,0,8.4895,-24.2796,0.0322854,0.418333
8700,0,8.28499,-26.408,0.177374,0.411429
8800,0,8.33915,-27.7663,0.090198,0.4125
8900,0,7.51409,-32.1557,0.9175,0.418889
9000,1,14.5137,-39.8594,0.570827,0.4735
9100,1,14.7871,-36.1968,1.37693,0.56
9200,2,17.225,-32.8971,1.37693,0.515
9300,0,7.67537,-32.1739,0.667639,0.513333
9400,1,15.9397,-39.0831,0.667639,0.5
9500,2,22.7465,-37.975,2.24632,0.502
9600,2,22.7451,-36.3382,2.24632,0.513333
9700,1,15.4176,-39.5838,0.965926,0.53
9800,0,7.41166,-40.6132,0.965926,0.5175
9900,1,14.8342,-45.5343,1.38393,0.532222
10000,0,6.82042,-40.5084,1.38393,0.537
10100,1,14.7194,-40.2044,1.38393,0.58
10200,0,7.98113,-36.1689,0.228764,0.57
10300,0,7.98492,-39.392,0.224979,0.606667
10400,0,7.82613,-46.669,0.349046,0.575
10500,1,16.0611,-49.0587,0.328767,0.586
10600,1,16.0257,-49.8342,0.490494,0.576667
10700,1,14.5895,-35.9313,1.19826,0.562857
10800,1,12.0969,-37.7535,3.65772,0.54375
10900,1,12.899,-36.0662,2.90004,0.535556
11000,1,14.0643,-24.3342,1.92617,0.571857
11100,0,8.3424,-24.6407,0.136813,0.48
11200,0,8.27589,-24.3636,0.193731,0.49
11300,0,8.39729,-21.7245,0.0970535,0.493333
11400,0,8.31633,-19.8413,0.178011,0.475
11500,0,7.57058,-19.0964,0.92014,0.442
11600,0,7.57487,-19.8559,0.92014,0.441667
11700,0,6.8514,-21.3272,1.61755,0.438571
11800,0,8.21825,-22.3853,0.298365,0.435
11900,0,8.20716,-23.2399,0.231848,0.438889
12000,1,16.3817,-25.4494,0.231848,0.441
12100,3,28.6157,-22.24,1.87888,0.35
12200,3,29.0224,-27.1292,1.87888,0.38
12300,2,21.705,-26.6501,0.597117,0.413333
12400,2,21.16,-21.0484,1.17194,0.4225
12500,3,25.8546,-23.6446,3.36168,0.426
12600,3,23.1746,-25.9586,3.36168,0.425
12700,2,18.3203,-28.7511,1.74244,0.432857
12800,3,26.5626,-24.2906,1.21298,0.43375
12900,1,12.5928,-19.9885,1.21298,0.425556
13000,0,7.79959,-38.3934,0.484131,0.469375
13100,1,16.3843,-41.5446,0.546389,0.51
13200,0,7.80653,-39.1529,0.546389,0.5
13300,2,21.2388,-34.2995,1.69769,0.526667
13400,1,13.8252,-34.6272,1.60166,0.52
13500,0,7.98641,-35.1807,0.394467,0.542
13600,0,8.07405,-38.4028,0.341238,0.525
13700,1,14.6117,-37.9601,0.598972,0.508571
13800,0,8.22005,-31.0391,0.135138,0.51
13900,0,8.16611,-33.7472,0.189081,0.502222
14000,3,29.1309,-30.3987,1.28063,0.504
14100,3,29.1301,-31.8737,1.28063,0.5
14200,4,37.303,-34.9868,1.26517,0.55
14300,3,31.628,-29.7916,1.26517,0.546667
14400,3,30.9089,-31.2929,1.97351,0.545
14500,0,7.47777,-29.8911,0.983472,0.554
14600,0,7.71794,-34.6445,0.715391,0.535
14700,0,7.94866,-22.4677,0.530478,0.53
14800,1,13.2857,-29.2441,2.45424,0.53125
14900,1,15.4343,-23.3858,1.19845,0.53
15000,1,15.5972,-22.4507,1.04912,0.517
15100,1,14.7845,-22.437,0.521225,0.55
15200,1,15.9308,-24.3405,0.568576,0.515
15300,1,14.3565,-27.3463,1.82846,0.506667
15400,1,15.4363,-21.8766,0.758002,0.505
15500,1,15.6877,-21.1946,0.758002,0.484
15600,1,15.4786,-31.5652,0.967041,0.485
15700,0,7.84003,-21.1191,0.626476,0.481429
15800,0,8.31051,-22.5067,0.206537,0.46875
15900,0,7.92418,-27.7449,0.530154,0.465556
16000,1,15.6369,-24.5341,0.702257,0.463
16100,0,8.30276,-24.5536,0.145152,0.48
16200,0,8.4185,-26.4458,0.0575941,0.46
16300,0,7.46318,-28.0124,0.977594,0.433333
16400,1,15.2056,-33.6134,1.86917,0.47
16500,2,17.6482,-28.9221,1.86917,0.472
16600,0,7.19784,-29.9924,1.21425,0.473333
16700,0,7.2939,-30.7983,1.14908,0.471429
16800,0,7.33229,-26.7138,1.14908,0.45625
16900,0,8.34391,-30.1268,0.0737434,0.453333
17000,0,8.37112,-25.8787,0.0426651,0.448
17100,0,8.49045,-24.0255,0.00930959,0.37
17200,0,8.39328,-24.8765,0.0541954,0.345
17300,0,8.39524,-24.2267,0.0404158,0.36
17400,1,14.8971,-27.9441,0.672419,0.3925
17500,1,15.8496,-30.4624,0.485909,0.402
17600,0,8.34791,-29.7051,0.0381551,0.428333
17700,0,8.34685,-31.2869,0.0381551,0.424286
17800,0,8.40281,-22.3098,0.0381551,0.42375
17900,0,8.40449,-19.4701,0.0883361,0.421111
18000,0,7.98534,-18.5531,0.507493,0.416
18100,3,28.3808,-16.6213,0.922113,0.4
18200,3,26.0737,-22.3159,2.64965,0.435
18300,3,25.3385,-21.6056,2.64965,0.456667
18400,2,20.814,-16.6671,2.09833,0.435
18500,3,28.6693,-15.1651,2.09833,0.448
18600,3,29.9765,-16.3294,1.63398,0.453333
18700,2,22.5585,-14.9201,0.905459,0.454286
18800,1,14.1683,-18.3462,1.43101,0.4375
18900,2,21.9466,-19.3945,1.28883,0.425556
19000,1,13.9098,-19.4078,0.859964,0.428
19100,3,29.887,-18.6145,0.859964,0.37
19200,3,29.3826,-23.4836,0.859964,0.41
19300,2,21.5527,-20.7897,0.859964,0.433333
19400,2,21.3325,-17.1924,1.55893,0.43
19500,2,21.2695,-12.8772,1.55893,0.428
19600,2,21.1449,-11.1319,1.64443,0.415
19700,3,30.5567,-13.6268,0.671642,0.411429
19800,1,15.6482,-21.6264,1.08463,0.4125
19900,2,23.1006,-16.099,0.790152,0.423333
20000,1,15.0294,-19.8992,0.790152,0.428
20100,0,7.74651,-17.3583,0.731091,0.36
20200,0,7.69839,-22.3488,0.731091,0.355
20300,1,15.2124,-20.7929,1.65886,0.38
20400,0,7.86061,-21.0257,0.657558,0.415
20500,1,16.6651,-24.757,0.23182,0.42
20600,1,16.1148,-21.4876,0.694012,0.428333
20700,1,16.0058,-15.0368,0.480156,0.43
20800,2,22.4657,-10.8151,1.91688,0.4275
20900,2,23.7095,-15.3382,0.611805,0.427778
21000,1,16.0363,-22.7474,0.22159,0.463
21100,0,8.08518,-21.4371,0.351901,0.47
21200,0,8.27439,-26.645,0.128738,0.49
21300,0,8.39027,-20.5916,0.128738,0.49
21400,1,14.3093,-23.9352,0.594856,0.4975
21500,0,7.55776,-20.779,0.872579,0.484
21600,0,7.99862,-23.8398,0.47506,0.488333
21700,0,7.59412,-19.118,0.913206,0.468571
21800,0,7.20752,-27.3517,1.2998,0.46625
21900,0,8.1217,-27.184,0.302596,0.465556
22000,0,8.34761,-29.9055,0.11721,0.464
22100,0,8.3499,-32.1016,0.0463292,0.37
22200,0,8.4175,-28.8778,0.0463292,0.395
22300,0,8.41954,-26.4098,0.0442898,0.37
22400,0,8.49981,-28.85,0.00680564,0.395
22500,0,8.48792,-22.3879,0.00360712,0.398
22600,0,8.43867,-22.061,0.00554622,0.403333
22700,0,8.47794,-20.3867,0.0238822,0.408571
22800,0,8.48065,-17.0319,0.0112844,0.4075
22900,0,8.47917,-17.5666,0.0127618,0.403333
23000,3,26.6869,-25.894,2.33186,0.447667
23100,3,26.6869,-21.8586,2.33186,0.39
23200,3,28.3345,-12.8946,2.33186,0.41
23300,3,26.2135,-14.8042,3.29346,0.423333
23400,3,27.3632,-20.7245,3.25171,0.4425
23500,3,30.6297,-24.617,1.07262,0.448
23600,2,22.4262,-27.545,1.07262,0.448333
23700,3,29.1425,-26.4824,1.31122,0.45
23800,0,8.31149,-21.9932,0.196344,0.44625
23900,0,8.17166,-25.2486,0.336171,0.432222
24000,0,8.3521,-28.7267,0.0829629,0.469643
24100,0,8.06902,-29.281,0.366043,0.46
24200,1,14.8496,-28.5567,0.282264,0.445
24300,0,8.20431,-23.97,0.280289,0.43
24400,0,7.7556,-26.3637,0.670235,0.4125
24500,0,8.18937,-31.0874,0.236462,0.42
24600,0,7.41286,-30.3624,0.991742,0.408333
24700,0,7.45008,-36.8557,0.991742,0.414286
24800,2,21.4325,-32.1708,0.67731,0.4225
24900,1,13.0855,-28.686,0.67731,0.426667
25000,1,15.6463,-27.6192,0.575833,0.450118
25100,1,15.6183,-28.7726,0.50639,0.5
25200,0,7.44083,-25.9258,0.989522,0.5
25300,0,7.34538,-25.1844,1.12291,0.496667
25400,0,8.05299,-27.8383,0.401553,0.475
25500,0,8.24687,-28.6722,0.183771,0.486
25600,0,7.65285,-36.0771,0.777788,0.493333
25700,0,7.54122,-35.9209,0.777788,0.487143
25800,0,7.73018,-43.2766,0.588828,0.4875
25900,1,13.6509,-37.7439,0.199467,0.483333
26000,0,8.18456,-24.5576,0.272426,0.430333
26100,0,8.41129,-23.4576,0.0533299,0.42
26200,0,8.30299,-22.4609,0.200204,0.37
26300,1,15.7821,-23.3394,0.369888,0.383333
26400,2,23.231,-25.003,1.01183,0.395
26500,3,31.8045,-18.529,0.642195,0.404
26600,1,15.8681,-25.3773,0.464445,0.423333
26700,2,22.3399,-23.9658,1.37926,0.422857
26800,1,14.8446,-23.4651,1.37926,0.42375
26900,2,22.798,-22.9859,0.543238,0.423333
27000,3,28.6729,-20.2614,0.543238,0.422
27100,1,14.3789,-14.9412,0.543238,0.51
27200,1,14.6789,-12.5484,1.37349,0.485
27300,2,20.0017,-12.4931,4.92433,0.466667
27400,2,18.9854,-11.1104,4.92433,0.4425
27500,1,12.8205,-19.2698,3.35366,0.444
27600,1,15.5414,-17.3977,0.572754,0.436667
27700,1,14.861,-12.5216,1.60561,0.45
27800,1,15.0746,-25.8482,1.37621,0.45375
27900,1,15.451,-25.4749,0.889082,0.446667
28000,1,14.9986,-21.0729,1.1625,0.416
28100,1,15.4208,-20.8263,0.929352,0.45
28200,1,14.9355,-23.0691,0.929352,0.445
28300,3,29.9451,-21.0731,1.17366,0.463333
28400,2,21.9304,-17.3553,0.764226,0.46
28500,3,27.7625,-19.5369,0.922224,0.466
28600,4,34.9679,-14.329,2.51163,0.488333
28700,2,23.2107,-13.0872,0.942843,0.491429
28800,3,29.7825,-22.4924,2.7878,0.48625
28900,2,20.5193,-19.3726,3.24857,0.492222
29000,3,27.9239,-19.3042,2.17158,0.481
29100,2,21.1557,-19.4734,0.588729,0.44
29200,0,7.58808,-25.1811,0.80541,0.515
29300,1,15.2026,-26.1921,0.609139,0.52
29400,0,7.65302,-21.729,0.791582,0.5075
29500,1,15.9761,-15.3078,0.245763,0.49
29600,0,8.06726,-22.6541,0.398899,0.476667
29700,0,7.81949,-27.1539,0.649515,0.467143
29800,1,15.9038,-22.8501,0.614298,0.465
29900,0,7.96415,-30.5859,0.466103,0.458889
30000,0,8.00331,-29.9482,0.474865,0.45
30100,0,7.94463,-22.1644,0.510254,0.4
30200,1,14.1202,-26.5671,1.27265,0.45
30300,0,7.20902,-24.9854,1.27265,0.46
30400,0,8.1006,-16.7248,0.407682,0.4575
30500,1,15.3696,-22.6982,0.431119,0.452
30600,1,14.4533,-24.0278,0.365827,0.448333
30700,3,30.3497,-24.1166,1.96023,0.45
30800,2,21.3049,-26.6753,1.10158,0.45875
30900,0,7.32823,-28.6754,1.10158,0.465556
31000,0,8.21276,-23.8596,0.217056,0.46
31100,1,16.0839,-21.7143,0.448471,0.47
31200,0,8.05904,-19.861,0.411905,0.445
31300,1,15.2094,-27.0729,0.263422,0.453333
31400,1,14.6005,-17.3517,0.776198,0.45
31500,1,14.6005,-23.3024,0.776198,0.43
31600,1,14.0254,-21.6651,1.03593,0.426667
31700,2,22.1652,-21.3506,0.827416,0.438571
31800,2,21.2664,-28.8899,0.827416,0.4425
31900,2,18.2545,-33.2312,3.72256,0.446667
32000,2,21.0569,-37.2998,0.731234,0.448
32100,3,27.699,-42.0223,0.731234,0.56
32200,1,14.0173,-34.4131,1.23197,0.5
32300,1,13.886,-36.8421,1.23197,0.486667
32400,1,13.9951,-39.6089,0.58553,0.525
32500,2,19.9341,-33.5165,2.17436,0.51
32600,2,20.5046,-34.8447,0.451113,0.513333
32700,1,14.826,-39.9438,0.553133,0.515714
32800,1,14.6302,-26.2887,0.637705,0.52125
32900,1,15.7756,-27.9292,0.736067,0.505556
33000,0,7.71303,-27.8428,0.736067,0.501
33100,0,7.71137,-26.5697,0.736067,0.44
33200,1,15.165,-30.4656,1.37932,0.465
33300,1,14.8637,-25.6852,1.7602,0.48
33400,0,7.88873,-27.2599,0.558712,0.4575
33500,1,15.1761,-29.1972,0.558712,0.456
33600,1,13.5466,-24.518,2.47627,0.461667
33700,0,8.19858,-28.0187,0.304195,0.465714
33800,0,7.70694,-21.9894,0.755411,0.45625
33900,0,8.16298,-17.5824,0.312598,0.448889
34000,0,8.27124,-20.3218,0.189747,0.445
34100,0,7.79991,-25.7766,0.657564,0.49
34200,0,8.28132,-33.3617,0.196488,0.495
34300,0,7.34211,-36.4065,1.01595,0.473333
34400,1,15.0309,-38.4699,1.56436,0.455
34500,1,15.2054,-46.3267,0.656986,0.476
34600,1,15.7504,-36.3158,0.482505,0.48
34700,2,23.8676,-28.1874,0.485137,0.487143
34800,2,23.1971,-30.5831,1.80422,0.48875
34900,0,7.94672,-22.5708,0.464799,0.495556
35000,0,8.23619,-28.519,0.240566,0.4575
35100,3,30.5277,-25.1282,0.839629,0.49
35200,1,13.4993,-23.6621,0.55132,0.495
35300,0,7.68599,-26.4572,0.790766,0.47
35400,0,8.35995,-18.6209,0.119188,0.4575
35500,0,8.36122,-19.6509,0.119188,0.436
35600,0,8.36122,-21.3419,0.119188,0.42
35700,0,8.14978,-24.3153,0.356544,0.421429
35800,0,8.2234,-19.8968,0.249118,0.4125
35900,0,7.38705,-23.4727,1.11834,0.41
36000,0,8.1583,-32.2169,0.270851,0.41
36100,0,7.75338,-29.5314,0.710418,0.43
36200,0,8.04408,-29.7323,0.319944,0.45
36300,0,8.44199,-28.3576,0.030184,0.46
36400,0,8.37388,-23.1453,0.054325,0.47
36500,0,8.41959,-30.8709,0.0384437,0.47
36600,0,8.43632,-31.3954,0.0156174,0.458333
36700,0,8.31838,-30.8009,0.102096,0.444286
36800,1,14.1235,-33.7822,1.03202,0.44375
36900,2,21.6166,-35.9162,1.03202,0.451111
37000,2,21.3723,-33.371,2.11854,0.461
37100,3,28.7189,-35.5825,2.5208,0.5
37200,3,27.3485,-41.7161,2.3499,0.485
37300,4,36.3508,-36.7879,2.3499,0.51
37400,3,29.1943,-28.5217,1.69735,0.5175
37500,3,28.9883,-27.1627,1.69735,0.508
37600,3,28.7138,-27.4052,1.85788,0.486667
37700,3,28.5004,-25.9931,1.80682,0.487143
37800,3,28.1485,-18.6722,2.22549,0.47
37900,4,34.9942,-11.6248,3.54967,0.468889
38000,4,34.2337,-14.1589,3.54967,0.458
38100,5,43.2044,-10.3831,1.73491,0.44
38200,4,36.7289,-9.82431,2.33918,0.425
38300,3,28.3387,-19.017,2.33918,0.413333
38400,2,20.5561,-23.9965,1.96678,0.4125
38500,2,20.7325,-22.2579,1.38424,0.424
38600,0,7.43631,-28.0931,1.0256,0.438333
38700,3,31.416,-23.8638,0.384572,0.458571
38800,4,39.5677,-27.2423,0.577716,0.44875
38900,3,30.7399,-31.5127,0.577716,0.456667
39000,4,39.0935,-28.4901,0.883457,0.44
39100,3,27.99,-30.8005,1.57647,0.47
39200,3,27.1315,-28.5154,2.42396,0.435
39300,4,34.4771,-24.5613,2.40249,0.47
39400,4,31.3682,-26.5195,4.6005,0.465
39500,3,28.1294,-27.2887,1.23807,0.474
39600,3,29.4948,-24.8765,0.962938,0.466667
39700,3,28.4056,-27.4537,2.30764,0.461429
39800,6,51.482,-27.9201,3.30833,0.45625
39900,2,22.0571,-30.2148,2.18345,0.46
