generation,N_shifts,logPrior,logLik,eventRate,acceptRate
0,0,-32.5086,-87.8163,1,1
100,0,-31.9938,-75.597,0.128361,0.84
200,0,-32.362,-77.8825,0.496541,0.825
300,0,-18.6848,-67.9468,0.496541,0.796667
400,1,4.76538,-53.1184,0.496541,0.795
500,0,-3.89903,-50.914,1.01176,0.794
600,1,5.43755,-39.989,0.299103,0.788333
700,0,-2.57815,-40.9145,2.08837,0.781429
800,0,-0.712837,-38.0344,0.332518,0.76375
900,1,11.2307,-25.5857,0.332518,0.748889
1000,2,19.2718,-29.2543,1.07788,0.708292
1100,2,18.5779,-21.0416,2.35384,0.57
1200,1,15.1851,-20.858,0.664251,0.595
1300,1,15.0885,-22.1292,0.365497,0.62
1400,0,7.676,-11.1243,0.405965,0.5925
1500,1,13.1484,-6.18493,2.41275,0.578
1600,5,41.463,-4.53061,2.89805,0.581667
1700,5,39.0175,-1.36829,2.89805,0.562857
1800,5,40.896,-3.72302,1.72857,0.55125
1900,4,33.4959,-3.59474,3.36708,0.541111
2000,5,38.426,-10.5098,3.36708,0.533
2100,5,36.9757,-6.89732,3.81269,0.44
2200,6,45.2027,-7.56614,3.81269,0.48
2300,6,42.6004,-7.84655,4.33644,0.486667
2400,6,46.3877,-6.31839,2.02898,0.4975
2500,5,42.2148,-3.13061,3.18427,0.502
2600,5,42.7758,-4.73585,3.18427,0.498333
2700,6,45.5556,-3.38617,3.18427,0.498571
2800,8,61.4135,-2.82376,1.83521,0.48375
2900,8,54.8272,-2.43422,8.93054,0.485556
3000,2,9.25062,2.56625,5.29639,0.520493
3100,3,20.0125,6.50108,0.915729,0.39
3200,3,20.8193,-4.29205,1.17487,0.415
3300,4,25.4658,-0.221949,3.01994,0.423333
3400,3,19.486,4.64086,1.98576,0.4125
3500,3,18.1647,4.04962,2.68145,0.41
3600,4,26.4404,3.10683,2.68145,0.416667
3700,4,24.0385,-2.80864,4.37539,0.428571
3800,3,19.3942,-4.37981,1.29066,0.43625
3900,4,26.5131,-1.58071,1.39931,0.44
4000,4,26.6725,-0.280801,1.39931,0.439
4100,3,20.7785,-2.29132,1.39931,0.38
4200,4,28.146,4.96928,2.32807,0.435
4300,2,12.3658,-1.53078,2.32807,0.426667
4400,2,10.5787,-0.302769,2.91183,0.425
4500,4,26.4823,2.36332,1.9578,0.426
4600,4,28.197,3.89271,1.99701,0.441667
4700,3,21.1303,5.99948,1.3752,0.444286
4800,3,18.7161,4.16979,3.41084,0.44625
4900,3,18.5932,0.419486,1.83997,0.447778
5000,0,7.61236,-12.8639,0.115129,0.439333
5100,1,15.3417,-5.7668,0.516809,0.51
5200,0,7.46244,-3.98474,0.516809,0.515
5300,0,7.93731,-1.01967,0.184717,0.486667
5400,0,7.77904,-5.71207,0.184717,0.475
5500,0,7.14644,-7.42998,0.93557,0.49
5600,0,7.74326,-7.4547,0.425089,0.49
5700,0,7.72413,-1.23784,0.425089,0.481429
5800,0,7.55249,-4.68808,0.609388,0.4675
5900,0,8.07556,-0.419069,0.0133266,0.454444
6000,0,8.18335,-0.636407,0.00721897,0.45
6100,0,8.19243,2.85141,0.0129275,0.4
6200,0,8.1499,-1.72863,0.0127897,0.325
6300,0,8.17705,6.10481,0.0127897,0.323333
6400,0,8.14529,2.83174,0.00691121,0.35
6500,0,7.82312,-4.79439,0.267506,0.372
6600,0,7.82312,-8.38105,0.267506,0.381667
6700,1,14.1083,-2.44218,0.494783,0.404286
6800,1,15.7966,-3.24834,0.43864,0.4
6900,0,7.0314,-2.75322,1.11554,0.403333
7000,0,7.8971,1.23228,0.227686,0.398
7100,0,8.07698,1.61941,0.0732368,0.44
7200,0,8.04655,-0.668521,0.161123,0.4
7300,0,7.87808,0.617346,0.299528,0.38
7400,1,12.3266,-7.39023,1.29073,0.3925
7500,0,7.48118,-11.2901,0.500399,0.412
7600,0,7.43806,-9.21193,0.543525,0.418333
7700,0,6.88261,-8.16353,1.17515,0.417143
7800,0,7.57029,-6.36272,0.487472,0.42125
7900,0,7.63919,-4.62418,0.487472,0.436667
8000,0,7.97471,1.42637,0.179105,0.434
8100,0,7.87869,6.6455,0.276394,0.41
8200,1,14.177,4.16442,2.2177,0.385
8300,1,15.4763,2.06805,1.00495,0.416667
8400,2,22.063,4.82924,2.46224,0.4025
8500,0,7.72111,10.4708,0.512528,0.398
8600,0,8.01364,2.86614,0.138543,0.396667
8700,0,7.86941,-5.91276,0.165107,0.405714
8800,0,7.80888,-2.37747,0.205325,0.4125
8900,0,7.22499,-3.16366,0.789219,0.417778
9000,1,13.8877,-2.58203,0.989582,0.426
9100,0,7.53827,0.723217,0.581459,0.39
9200,0,7.45842,0.690862,0.621224,0.405
9300,0,7.24332,2.95101,0.913879,0.41
9400,0,7.27544,0.711979,0.913879,0.4075
9500,0,7.55464,0.427053,0.707522,0.37
9600,0,8.06463,3.21765,0.189398,0.361667
9700,1,14.1226,-3.41925,1.97028,0.365714
9800,1,15.2261,3.46697,0.947491,0.3775
9900,0,7.66044,3.58903,0.592424,0.376667
10000,0,7.93178,0.111385,0.291334,0.459554
10100,0,7.99279,-1.95405,0.0802724,0.48
10200,0,8.02925,-2.14359,0.0487889,0.46
10300,0,7.74718,6.75822,0.414849,0.446667
10400,0,7.76985,7.83435,0.469474,0.4325
10500,2,22.0046,10.1644,2.45542,0.432
10600,3,31.4499,0.299938,0.862298,0.42
10700,2,23.3709,4.80959,0.320504,0.421429
10800,1,15.3493,8.81116,0.701314,0.4175
10900,1,13.153,11.3473,2.99731,0.406667
11000,2,22.5727,8.96524,0.860908,0.399
11100,1,13.6832,1.01796,2.57381,0.26
11200,1,13.7677,3.66786,2.47332,0.33
11300,3,28.1953,4.58312,2.47332,0.34
11400,1,15.5721,7.9652,0.627649,0.39
11500,1,15.5061,8.80537,0.627649,0.386
11600,1,15.1773,7.71586,1.01707,0.385
11700,2,21.9491,5.68741,1.82349,0.39
11800,1,15.1923,5.74726,0.921547,0.39125
11900,2,22.2188,6.69701,0.921547,0.384444
12000,4,35.5976,0.0283975,0.941156,0.381
12100,2,22.3107,-2.08806,0.306948,0.44
12200,1,14.3575,3.46992,0.254008,0.39
12300,3,28.4754,4.10382,1.29349,0.423333
12400,0,6.86201,5.97723,1.29349,0.4075
12500,1,15.1934,2.45575,0.359701,0.412
12600,1,13.8715,1.06693,1.49592,0.415
12700,0,6.64655,0.717739,1.49592,0.421429
12800,0,7.97087,-5.7746,0.082963,0.42875
12900,0,7.88798,-0.174653,0.158882,0.427778
13000,0,7.76223,-4.35996,0.13312,0.425
13100,1,14.4032,-2.44416,1.28628,0.56
13200,0,7.33732,-2.35507,0.803864,0.495
13300,0,7.4669,0.416192,0.674287,0.48
13400,1,15.119,-3.56655,0.674287,0.4925
13500,0,7.88198,3.51805,0.298968,0.482
13600,0,7.72422,4.22702,0.409331,0.461667
13700,0,7.9655,4.4085,0.234043,0.442857
13800,1,13.7376,6.94566,0.234043,0.4275
13900,0,7.97922,7.5095,0.234043,0.433333
14000,1,15.4961,5.21381,0.701499,0.424
14100,3,27.6597,5.24933,2.03457,0.41
14200,3,28.3308,6.42697,1.36343,0.43
14300,3,27.6573,-0.0272199,2.17174,0.466667
14400,2,20.4645,-8.03046,1.17544,0.4625
14500,1,13.9001,-11.0637,0.542018,0.48
14600,2,22.5071,-0.10244,1.21342,0.486667
14700,4,38.3664,-5.25455,0.417151,0.488571
14800,3,30.7721,0.0873206,0.657306,0.48375
14900,0,7.77488,6.30805,0.340956,0.493333
15000,1,6.81891,-8.26753,1.43277,0.459545
15100,1,6.79687,-6.82368,1.43277,0.41
15200,3,20.091,-2.57993,2.98945,0.425
15300,3,18.7971,-4.20552,2.98945,0.47
15400,4,27.2691,-8.55124,2.08339,0.4575
15500,3,19.5514,-7.00263,2.30388,0.456
15600,4,24.8058,-10.6239,3.07906,0.476667
15700,2,12.6972,-14.8004,2.75522,0.487143
15800,2,14.0207,-5.22994,1.96349,0.495
15900,2,14.8083,-2.67635,1.96349,0.49
16000,3,22.6304,-6.13465,1.96349,0.49
16100,4,28.6551,-5.72602,2.9955,0.52
16200,5,38.0308,-9.03637,1.89298,0.57
16300,5,37.4656,-9.89458,1.89298,0.56
16400,5,37.7557,-5.46986,1.79584,0.535
16500,4,30.3814,-8.80238,1.79584,0.53
16600,3,21.8349,-9.51847,1.95987,0.526667
16700,3,21.4407,-5.29029,2.3541,0.522857
16800,3,22.4667,-7.6892,1.32806,0.5175
16900,3,22.8401,-7.73913,1.32806,0.517778
17000,2,14.1977,-8.47519,1.32806,0.533
17100,2,13.7527,-5.77642,1.32806,0.56
17200,3,20.3183,-9.35989,1.32806,0.525
17300,3,20.3183,-11.8665,1.32806,0.52
17400,4,24.9838,-13.6004,1.16306,0.5225
17500,4,22.5234,-12.5708,5.48644,0.502
17600,4,23.3162,-13.0718,3.36851,0.521667
17700,4,28.4685,-14.6839,2.338,0.531429
17800,2,13.2339,-18.0625,1.80446,0.53875
17900,7,49.7757,-12.8446,1.80446,0.543333
18000,6,45.3148,-6.22384,2.75095,0.549
18100,4,29.2516,-6.15985,2.75095,0.49
18200,5,35.7504,-5.50408,2.75095,0.505
18300,7,46.8521,-8.60525,2.75095,0.523333
18400,5,33.2962,-7.63309,2.75095,0.535
18500,4,26.0018,-14.049,1.92647,0.542
18600,2,13.4526,-7.52971,1.92647,0.54
18700,1,5.72699,-5.35487,2.19812,0.525714
18800,2,13.4505,-15.2635,1.19816,0.51875
18900,1,7.09383,-9.96114,0.723523,0.52
19000,3,20.1884,-6.3045,0.723523,0.522
19100,2,11.3261,-2.6087,3.68838,0.57
19200,3,22.3951,-6.25175,0.899071,0.505
19300,4,29.3637,-8.06261,1.15917,0.533333
19400,7,42.8904,-1.63992,10.9201,0.55
19500,6,37.1075,-7.78666,7.15722,0.538
19600,6,41.4705,-5.58839,2.79422,0.53
19700,5,30.809,-3.03805,4.63423,0.518571
19800,6,38.4895,-4.22265,4.63423,0.51375
19900,8,53.571,-4.54968,3.71652,0.512222
20000,8,55.4843,-4.50037,3.71652,0.509
20100,7,47.7651,-5.22171,4.22771,0.63
20200,8,55.8615,-6.98119,4.22771,0.595
20300,7,45.8038,-12.1056,7.13799,0.596667
20400,6,43.0571,-6.68988,4.29878,0.595
20500,7,50.4818,-10.1064,4.868,0.602
20600,5,34.0172,-7.95996,4.868,0.598333
20700,4,29.8512,-9.44322,0.832475,0.6
20800,3,22.3004,-8.94319,0.832475,0.60125
20900,5,30.6538,-7.17724,4.86256,0.581111
21000,4,26.105,-6.63762,1.23561,0.576
21100,3,20.4412,-12.6888,0.802138,0.51
21200,5,33.8066,-12.4666,2.22922,0.535
21300,6,41.9266,-10.576,2.22922,0.54
21400,6,41.0675,-7.56592,1.80957,0.545
21500,3,20.1392,-6.44976,1.32394,0.524
21600,3,20.9169,-6.01504,0.972801,0.526667
21700,4,28.9138,-14.7284,0.902683,0.528571
21800,5,36.728,-5.91788,0.902683,0.52875
21900,6,40.9533,-6.70564,5.64436,0.526667
22000,7,51.6404,-3.47752,3.08024,0.513
22100,9,65.2259,0.035252,3.08024,0.39
22200,7,50.5226,-5.10436,4.79257,0.405
22300,8,57.8802,-3.24699,4.79257,0.45
22400,6,42.03,-8.62778,4.79257,0.465
22500,5,33.0737,-5.59829,4.79257,0.466
22600,4,30.6499,-3.81461,0.681359,0.468333
22700,4,29.5883,-2.57952,1.6355,0.475714
22800,5,34.8957,-4.7643,1.97402,0.485
22900,3,18.5709,-4.15665,2.32423,0.476667
23000,1,12.0514,4.8729,1.01118,0.461043
23100,1,12.2887,-1.12329,1.01118,0.28
23200,2,17.7972,3.19781,0.846838,0.31
23300,3,26.0732,8.16587,1.2492,0.343333
23400,1,11.628,8.62009,1.2492,0.3475
23500,1,11.8485,10.7527,1.2492,0.348
23600,2,19.2876,-0.125517,1.05685,0.378333
23700,2,18.7671,5.35532,2.13491,0.392857
23800,3,28.6925,8.17458,1.37815,0.39
23900,3,28.4308,8.96319,1.28324,0.4
24000,4,33.1324,3.50547,4.02074,0.398
24100,4,34.9624,4.21569,2.13828,0.42
24200,3,28.4498,-0.469388,1.34617,0.415
24300,3,29.2348,1.98741,0.281639,0.44
24400,2,21.3504,2.81024,0.174622,0.4875
24500,1,13.8094,4.7774,0.293622,0.466
24600,2,16.985,10.6117,3.05761,0.455
24700,2,18.9926,7.8624,1.49334,0.45
24800,3,20.9849,9.85646,2.71877,0.44375
24900,2,16.0804,8.94347,0.429211,0.425556
25000,2,17.7171,-1.12141,1.63242,0.425
25100,0,4.1296,-5.23383,1.63242,0.44
25200,0,4.90918,-0.220764,0.883454,0.43
25300,0,5.3588,-9.53225,0.264421,0.403333
25400,1,13.4421,-7.45218,0.623985,0.44
25500,0,5.84995,-2.26314,0.152312,0.432
25600,0,4.6861,-6.73212,0.962543,0.431667
25700,0,4.90754,-6.97737,0.793982,0.428571
25800,0,5.51216,-7.17566,0.131623,0.4375
25900,0,5.15099,-10.1741,0.381019,0.441111
26000,0,7.59504,-5.71593,0.275585,0.425583
26100,0,7.71433,-1.41522,0.116984,0.41
26200,1,14.8287,-3.85268,0.223849,0.4
26300,2,21.9417,-4.98457,0.785155,0.436667
26400,1,14.0808,0.328411,0.942089,0.4425
26500,0,7.68573,2.01955,0.182494,0.442
26600,0,7.72616,-3.83587,0.173425,0.451667
26700,0,7.57809,-0.31889,0.329815,0.46
26800,0,7.2825,-3.52984,0.505984,0.455
26900,0,7.60153,-1.53846,0.285309,0.463333
27000,0,7.37493,2.40504,0.550835,0.463
27100,0,7.41128,1.93508,0.514486,0.4
27200,0,7.41128,-4.63565,0.514486,0.445
27300,0,7.82301,-7.43537,0.0876044,0.433333
27400,0,7.81741,0.977396,0.0380402,0.4325
27500,0,7.79864,-2.00807,0.0568138,0.44
27600,0,5.75561,-1.67555,2.12223,0.445
27700,0,7.01638,-0.342948,0.882157,0.442857
27800,0,7.01638,2.96507,0.882157,0.44375
27900,0,7.33578,-4.56705,0.68213,0.43
28000,0,7.29908,2.35532,0.68213,0.425
28100,3,28.3988,2.27881,2.38168,0.37
28200,2,22.3574,0.958475,0.571652,0.38
28300,2,21.4245,-0.27796,1.07745,0.393333
28400,3,28.75,1.54676,1.07745,0.43
28500,3,28.5326,1.77764,1.17705,0.446
28600,2,19.9806,-2.40231,1.78587,0.445
28700,4,34.7171,2.29096,1.78587,0.447143
28800,3,27.8571,1.22909,1.33948,0.4575
28900,3,22.7988,0.974524,3.47541,0.457778
29000,3,24.63,-1.09446,1.44829,0.459
29100,1,9.96662,-1.58953,1.49291,0.48
29200,2,21.3953,1.29818,0.77452,0.505
29300,2,22.1824,2.65653,0.462203,0.486667
29400,4,32.5497,4.22838,2.92858,0.4725
29500,4,34.3175,8.87456,2.25158,0.458
29600,4,34.1418,3.99658,2.42734,0.431667
29700,5,41.4522,1.6439,2.42734,0.421429
29800,4,34.1789,5.85902,2.42734,0.43
29900,2,20.7885,-1.75014,0.556559,0.432222
30000,1,14.4232,6.28469,0.569186,0.425
30100,0,6.41717,-6.8581,1.55039,0.37
30200,0,6.5841,2.25266,1.45696,0.36
30300,0,7.61923,-2.62579,0.421833,0.38
30400,0,7.08747,5.21927,0.953594,0.3825
30500,0,7.89063,5.05967,0.117944,0.368
30600,0,7.34362,2.69856,0.660588,0.37
30700,0,7.53293,-2.88758,0.307303,0.375714
30800,0,7.48778,-1.59457,0.307303,0.3775
30900,0,6.93776,1.75393,1.0198,0.376667
31000,1,15.9668,5.73741,0.288154,0.382
31100,0,7.6597,0.680665,0.288154,0.45
31200,0,7.67049,-2.6546,0.288154,0.405
31300,2,22.5055,-3.84405,0.937881,0.43
31400,0,7.72822,-2.32705,0.215203,0.425
31500,0,7.93406,0.608181,0.0428613,0.416
31600,0,7.88852,-5.79113,0.0714924,0.425
31700,0,7.97911,7.58472,0.0608131,0.412857
31800,1,12.0136,4.56491,1.46433,0.40125
31900,1,11.827,4.30261,1.46433,0.415556
32000,0,6.55328,7.48252,1.46433,0.412
32100,1,13.3454,5.49418,0.754759,0.27
32200,0,7.4448,4.89363,0.594345,0.38
32300,0,7.92771,8.32899,0.111439,0.37
32400,1,13.6824,2.09834,1.78071,0.3675
32500,1,15.2961,-3.53522,0.74837,0.386
32600,1,14.4375,-8.83097,1.58884,0.388333
32700,1,15.037,-9.12311,0.377937,0.401429
32800,0,7.67586,-10.4966,0.0654819,0.41625
32900,0,7.76567,-7.82618,0.0241179,0.427778
33000,1,15.8008,-5.69895,0.141183,0.437
33100,0,7.7421,-5.07163,0.111962,0.53
33200,0,7.69574,-5.93614,0.158323,0.52
33300,0,7.20079,-4.88079,0.689562,0.54
33400,1,15.5804,-1.76448,0.539496,0.525
33500,0,6.60569,-0.779497,1.358,0.512
33600,0,6.9102,2.63532,1.10638,0.481667
33700,0,7.60624,1.33858,0.333223,0.462857
33800,0,7.64367,-2.44795,0.333223,0.46125
33900,0,6.58715,-0.0296396,1.3882,0.463333
34000,2,20.2602,-1.10365,0.801456,0.471111
34100,3,23.2344,-0.0348122,3.70047,0.5
34200,0,5.8905,-1.52391,0.783473,0.485
34300,0,6.57417,3.34664,0.236645,0.496667
34400,1,13.5341,1.01024,0.537036,0.4975
34500,0,5.51676,-3.79985,1.23259,0.48
34600,1,13.1053,-0.974765,1.23259,0.49
34700,2,20.3397,-0.773149,1.29517,0.481429
34800,2,20.6798,-0.57758,1.25878,0.485
34900,1,12.3571,4.38112,2.26398,0.484444
35000,1,15.9867,1.46827,0.223303,0.429769
35100,0,7.95936,1.11731,0.223303,0.41
35200,0,7.89416,4.43696,0.288501,0.39
35300,0,7.75426,5.36927,0.4009,0.35
35400,0,6.78825,1.51675,1.38641,0.3575
35500,1,13.2795,3.02775,1.19217,0.36
35600,1,13.4632,5.12297,1.00844,0.36
35700,0,6.97717,4.36618,1.18559,0.367143
35800,0,7.76185,4.2636,0.446123,0.37375
35900,0,7.63958,-0.719088,0.559415,0.377778
36000,2,19.7882,0.834691,0.801662,0.384
36100,2,21.1518,4.74714,1.76798,0.43
36200,2,19.9261,1.34072,1.6283,0.43
36300,0,7.37265,-0.453197,0.700686,0.423333
36400,1,14.0079,4.94956,1.36947,0.4375
36500,0,7.67981,4.91992,0.505701,0.434
36600,1,15.2433,3.71284,0.462001,0.435
36700,1,15.0104,2.0396,0.121985,0.431429
36800,0,7.94771,4.62103,0.206423,0.4225
36900,4,35.363,-1.45205,1.12208,0.427778
37000,1,12.8216,-3.71427,1.31175,0.462667
37100,0,6.52562,-8.24864,0.126356,0.56
37200,0,6.03958,-1.22467,0.490288,0.495
37300,0,6.59982,2.78317,0.200403,0.47
37400,0,6.38156,1.84967,0.200403,0.4775
37500,0,5.74551,4.76518,1.0838,0.464
37600,0,6.58349,3.26345,0.245825,0.445
37700,0,6.66721,5.79677,0.239069,0.435714
37800,1,14.2051,4.50234,0.36106,0.4225
37900,0,6.79235,3.49368,0.131462,0.421111
38000,0,5.12396,-4.34215,1.598,0.425
38100,0,6.66904,-2.69505,0.179214,0.46
38200,0,5.79036,0.558335,0.718798,0.49
38300,0,6.53008,2.13662,0.0753575,0.486667
38400,0,6.83468,4.62228,0.0311989,0.465
38500,0,7.06269,5.09079,0.0329241,0.452
38600,0,6.46253,6.00696,0.336269,0.441667
38700,0,6.65781,2.81414,0.140982,0.425714
38800,0,6.68628,-2.96564,0.112513,0.42375
38900,0,6.66097,0.760952,0.061482,0.414444
39000,0,6.36841,-2.52079,0.0981064,0.414
39100,0,6.36986,-2.89044,0.235608,0.42
39200,0,6.31898,-1.85381,0.262629,0.435
39300,0,6.71123,-4.47273,0.135321,0.436667
39400,0,5.85959,-4.99081,0.986951,0.405
39500,0,6.59312,-1.58195,0.113047,0.418
39600,1,13.2034,-0.373492,0.702808,0.413333
39700,1,13.3502,4.6985,0.183056,0.408571
39800,1,13.623,-0.348823,0.183056,0.4075
39900,0,6.65723,1.44475,0.136396,0.408889
