generation,N_shifts,logPrior,logLik,eventRate,acceptRate
0,0,-38.0436,-1060.5,1,1
100,1,-21.0818,-916.263,0.802717,0.75
200,2,-12.1138,-918.806,0.954963,0.715
300,2,-8.98489,-912.134,0.758648,0.696667
400,2,-9.02779,-920.916,0.758648,0.7075
500,2,-10.0461,-928.377,1.82149,0.702
600,3,-1.28589,-935.608,1.82149,0.686667
700,7,30.3855,-919.077,2.95292,0.688571
800,7,24.6162,-911.32,5.99243,0.69125
900,5,11.4674,-909.672,6.27017,0.695556
1000,5,13.7109,-900.013,3.50574,0.705295
1100,6,22.9056,-900.348,3.50574,0.6
1200,5,13.7194,-901.822,2.82243,0.635
1300,4,5.23446,-899.044,2.82243,0.633333
1400,6,18.6634,-897.92,3.99788,0.6325
1500,6,18.8894,-905.126,3.99788,0.634
1600,8,39.0374,-892.214,3.40869,0.643333
1700,10,47.1376,-888.819,10.4025,0.634286
1800,12,65.3382,-889.199,10.4025,0.63625
1900,11,74.9651,-833.195,4.47868,0.64
2000,13,91.5668,-815.538,4.47868,0.64
2100,12,89.6904,-782.399,4.47868,0.47
2200,11,81.5431,-763.728,4.35456,0.515
2300,10,78.2243,-748.906,4.35456,0.53
2400,11,82.4268,-737.635,6.28162,0.5425
2500,11,85.2258,-729.843,5.75062,0.538
2600,11,84.9063,-708.99,5.75062,0.531667
2700,12,87.0127,-681.349,8.8064,0.518571
2800,13,100.462,-668.854,3.75909,0.5275
2900,13,101.701,-657.301,3.75909,0.513333
3000,11,88.2993,-662.947,3.75909,0.513
3100,11,85.2593,-664.766,3.75909,0.53
3200,11,84.5006,-641.101,4.82631,0.54
3300,14,107.485,-629.592,4.82631,0.546667
3400,14,108.254,-621.864,4.82631,0.5325
3500,14,101.991,-626.291,11.0598,0.556
3600,15,110.401,-624.759,11.0598,0.551667
3700,17,123.038,-620.58,11.0598,0.551429
3800,15,105.315,-621.588,11.0598,0.54625
3900,13,92.4219,-615.78,11.0598,0.543333
4000,9,73.5478,-606.316,2.89778,0.6045
4100,8,62.6863,-600.259,5.9092,0.52
4200,7,57.0711,-599.894,4.64834,0.57
4300,4,31.1858,-594.674,4.25266,0.563333
4400,4,35.8808,-584.146,3.04815,0.5525
4500,3,28.1268,-575.776,2.18626,0.536
4600,2,18.1351,-569.236,3.0801,0.531667
4700,2,20.1078,-559.857,0.985921,0.52
4800,2,20.0286,-553.703,0.985921,0.50875
4900,4,35.5683,-534.902,3.47232,0.51
5000,5,44.9861,-526.52,2.77303,0.502
5100,6,52.3558,-520.73,2.81725,0.39
5200,5,43.7547,-503.337,4.23801,0.45
5300,6,50.263,-480.895,5.88139,0.433333
5400,6,50.5575,-468.003,5.54401,0.405
5500,6,51.0759,-455.209,4.63012,0.382
5600,8,66.3376,-454.165,4.63012,0.393333
5700,5,44.9003,-447.175,1.45311,0.392857
5800,5,45.3567,-439.988,1.10856,0.39
5900,5,45.2213,-427.133,2.59465,0.385556
6000,12,92.1516,-531.65,6.04492,0.506333
6100,11,84.4751,-529.141,6.04492,0.48
6200,14,107.878,-527.008,6.04492,0.465
6300,17,129.846,-508.483,6.04492,0.463333
6400,12,94.3328,-514.209,6.04492,0.4475
6500,13,99.4807,-508.157,6.04492,0.45
6600,12,92.6508,-516.469,5.34097,0.445
6700,12,95.1407,-514.16,3.37403,0.448571
6800,11,85.2184,-497.5,4.77822,0.4525
6900,12,87.9826,-493.635,9.32661,0.46
7000,12,89.7179,-488.662,8.18907,0.465
7100,14,104.566,-458.447,7.80369,0.42
7200,12,88.0994,-460.032,7.80369,0.46
7300,11,79.7212,-460.205,8.73313,0.46
7400,11,84.5516,-450.649,3.53755,0.455
7500,11,87.1263,-428.287,6.66999,0.458
7600,13,99.7356,-425.813,6.45081,0.441667
7700,13,100.874,-415.363,7.53127,0.431429
7800,12,94.6236,-407.928,6.31474,0.42875
7900,11,89.8822,-399.68,6.31474,0.428889
8000,10,81.0706,-388.177,5.73323,0.424
8100,10,82.5811,-389.427,5.73323,0.38
8200,8,68.3622,-372.978,3.50323,0.375
8300,10,85.1258,-372.652,3.1145,0.386667
8400,7,60.7384,-386.115,3.1145,0.3875
8500,7,58.543,-382.055,2.99157,0.384
8600,6,51.7194,-374.68,2.99157,0.391667
8700,5,42.052,-369.515,6.21602,0.384286
8800,3,29.7276,-369.616,3.50391,0.38375
8900,3,28.8175,-355.995,3.50391,0.385556
9000,9,74.2664,-228.312,4.88755,0.3675
9100,7,60.2659,-225.157,3.76297,0.38
9200,5,46.9784,-224.657,2.51606,0.325
9300,6,46.828,-226.75,2.95206,0.296667
9400,7,54.1695,-214.667,3.32549,0.2875
9500,7,50.3976,-197.762,4.8728,0.286
9600,7,52.9328,-192.86,2.28819,0.276667
9700,6,53.1382,-193.243,2.28819,0.284286
9800,4,38.5323,-197.302,2.28819,0.27875
9900,4,37.1585,-202.304,3.36391,0.28
10000,5,45.334,-191.037,3.27441,0.281
10100,5,45.3204,-184.892,3.27441,0.28
10200,4,40.6528,-183.462,1.4041,0.285
10300,4,40.5228,-180.001,1.4041,0.256667
10400,4,40.0629,-170.093,1.79265,0.2525
10500,3,30.8624,-169.881,1.79265,0.248
10600,2,24.3269,-169.345,1.56757,0.245
10700,2,24.712,-167.113,1.18214,0.251429
10800,2,25.3145,-165.346,0.647127,0.25375
10900,2,24.5838,-160.951,1.39172,0.247778
11000,3,30.0767,-154.854,1.39172,0.248
11100,4,38.0575,-151.041,1.39172,0.24
11200,2,24.5838,-150.96,1.39172,0.235
11300,3,31.7749,-154.363,1.75959,0.26
11400,3,29.5244,-150.326,1.75959,0.2825
11500,3,31.209,-145.941,1.75959,0.272
11600,3,31.7121,-135.254,1.75959,0.27
11700,3,30.2439,-135.344,3.32016,0.255714
11800,4,37.9124,-137.616,3.32016,0.255
11900,4,37.2,-130.775,2.84324,0.257778
12000,5,47.4328,-74.458,2.66748,0.408799
12100,5,47.4573,-77.2218,2.66748,0.25
12200,5,47.3664,-82.6719,2.66748,0.215
12300,5,47.4776,-76.9964,2.66748,0.2
12400,4,37.3212,-67.9438,3.51192,0.215
12500,4,39.3389,-66.2543,2.1653,0.216
12600,2,23.8066,-63.9642,1.9427,0.216667
12700,3,32.6045,-68.3593,1.69741,0.205714
12800,2,24.0519,-67.9187,1.69741,0.19875
12900,4,37.9053,-67.7613,2.8403,0.205556
13000,3,31.8558,-65.1232,0.952644,0.207
13100,4,39.839,-67.0847,0.952644,0.26
13200,4,38.3067,-65.4443,2.1191,0.235
13300,3,30.6502,-63.7843,2.1191,0.253333
13400,3,30.838,-61.7107,3.4296,0.255
13500,6,54.0605,-59.9289,3.4296,0.254
13600,7,59.391,-57.3188,3.4296,0.271667
13700,6,53.3746,-55.9856,3.62515,0.267143
13800,4,36.6967,-52.3585,3.68177,0.2575
13900,5,44.91,-53.5509,3.68177,0.253333
14000,5,45.2225,-52.4032,3.68177,0.25
14100,4,38.5735,-47.3293,3.21704,0.28
14200,2,23.1837,-45.0423,1.88035,0.255
14300,3,29.7119,-48.8963,3.52968,0.253333
14400,2,24.0322,-49.4076,1.53339,0.24
14500,1,17.2997,-44.9483,0.0689198,0.234
14600,1,17.2761,-43.0393,0.154198,0.226667
14700,1,16.9728,-39.9583,0.452939,0.225714
14800,2,25.3501,-35.5265,0.659067,0.2275
14900,1,16.9427,-36.3877,0.446125,0.227778
15000,1,16.8742,-34.6488,0.486668,0.224
15100,1,16.5951,-38.9693,0.765856,0.21
15200,1,16.6241,-38.2473,0.765856,0.17
15300,1,16.6269,-33.5551,0.765856,0.16
15400,1,15.9258,-31.8041,1.46699,0.1775
15500,1,17.1643,-28.5849,0.233914,0.17
15600,1,16.7909,-28.335,0.607254,0.171667
15700,2,23.2084,-26.3403,0.607254,0.174286
15800,4,37.5749,-21.2625,2.45611,0.1875
15900,5,45.6473,-21.89,3.29397,0.185556
16000,4,37.1064,-20.2119,3.29397,0.186
16100,5,44.7059,-13.6927,3.29397,0.19
16200,4,37.2897,-5.57446,3.08331,0.2
16300,3,30.2046,-7.53812,3.08331,0.21
16400,4,38.9624,0.0795321,3.08331,0.2075
16500,2,21.7516,5.84416,3.08331,0.206
16600,4,36.9801,8.93463,3.08331,0.2
16700,5,44.2763,7.73374,3.91786,0.208571
16800,5,46.0135,-2.05546,2.20665,0.2125
16900,6,52.4943,-1.4177,3.62588,0.214444
17000,5,45.0918,-5.81085,3.2552,0.208
17100,5,46.2694,-7.53557,3.2552,0.26
17200,4,39.5379,-6.24045,2.06377,0.24
17300,4,36.7566,-1.92832,4.86334,0.223333
17400,5,44.7654,-1.14769,4.8205,0.2425
17500,5,42.2963,6.25658,4.8205,0.238
17600,3,28.511,12.7382,3.26163,0.233333
17700,3,28.8133,13.7119,0.687153,0.234286
17800,2,23.9311,15.8819,0.536179,0.2325
17900,1,16.6154,9.67634,0.877491,0.224444
18000,1,15.2204,-3.16713,0.849853,0.225857
18100,0,7.8801,-6.614,0.849853,0.15
18200,1,16.8513,2.22231,0.585513,0.165
18300,1,16.3314,9.88623,0.92346,0.186667
18400,2,24.7999,10.4581,1.27434,0.185
18500,2,25.0965,10.5274,1.27434,0.196
18600,1,15.3339,9.43244,0.604603,0.198333
18700,1,14.5406,16.0925,0.87262,0.2
18800,1,14.5406,16.0288,0.87262,0.1975
18900,1,16.1682,16.7829,0.918647,0.194444
19000,4,36.1232,13.4658,3.14723,0.195
19100,4,31.5357,11.6138,5.62183,0.18
19200,4,31.6849,13.5044,5.62183,0.19
19300,3,30.0541,19.5665,1.15256,0.193333
19400,2,22.9669,20.4032,0.880857,0.2275
19500,2,22.4472,22.3708,1.81246,0.216
19600,1,14.1935,24.4693,2.19144,0.22
19700,0,8.52296,26.7599,0.221149,0.211429
19800,0,8.60589,28.6674,0.124,0.20625
19900,0,8.35718,29.8383,0.372714,0.193333
20000,0,8.42711,31.3031,0.318432,0.193
20100,0,6.94739,28.2998,1.81157,0.25
20200,2,24.4601,31.7681,1.46247,0.24
20300,2,24.5168,31.1261,1.46247,0.263333
20400,2,24.6701,36.2723,1.46247,0.2525
20500,0,7.88428,37.0025,0.874677,0.25
20600,0,8.26577,39.3951,0.493187,0.238333
20700,0,8.26577,37.2387,0.493187,0.222857
20800,2,24.8308,35.5723,1.07689,0.21625
20900,1,15.6238,37.6461,1.07689,0.212222
21000,1,16.8613,15.2838,0.659217,0.19375
21100,0,7.31814,16.8325,1.40735,0.14
21200,0,8.30235,20.3497,0.477792,0.175
21300,1,14.627,20.351,2.14946,0.16
21400,2,23.874,24.3204,0.990506,0.1675
21500,1,14.5541,21.4377,1.10107,0.178
21600,2,22.8779,25.3151,1.3571,0.19
21700,3,30.3591,21.1344,1.3571,0.188571
21800,5,40.0492,21.5084,5.40151,0.2025
21900,5,44.2177,22.5669,2.03493,0.204444
22000,5,43.8719,20.1897,2.03493,0.207
22100,5,42.672,22.4136,2.28745,0.21
22200,3,29.5993,32.0621,1.98863,0.215
22300,1,15.9676,32.1849,1.50333,0.213333
22400,1,15.8183,31.2923,1.50333,0.2025
22500,2,23.8857,29.788,1.6408,0.222
22600,0,8.50035,35.5346,0.273948,0.22
22700,0,8.18302,35.5042,0.591283,0.202857
22800,0,8.57785,33.4611,0.196454,0.19875
22900,0,8.35479,32.5035,0.41951,0.196667
23000,3,30.4218,24.735,2.09059,0.255867
23100,3,30.4418,21.9652,2.09059,0.14
23200,4,36.8104,23.121,2.56528,0.17
23300,4,36.8104,20.0466,2.56528,0.163333
23400,4,36.8218,22.1152,2.56528,0.1575
23500,4,37.879,20.2895,1.50805,0.172
23600,3,29.7303,15.684,4.39985,0.18
23700,2,21.591,15.1126,2.25653,0.185714
23800,2,21.6169,16.2516,1.6953,0.19
23900,1,15.6116,18.4229,1.17164,0.191111
24000,2,22.0344,15.7751,2.20327,0.196
24100,2,20.1501,14.3582,3.1035,0.29
24200,1,15.1255,16.8034,1.66027,0.255
24300,2,22.6392,26.0384,0.598322,0.233333
24400,1,14.0384,24.1839,2.77754,0.2525
24500,1,15.5221,25.1047,1.25416,0.24
24600,1,15.3345,24.7147,1.43887,0.23
24700,1,16.2465,30.2153,0.52686,0.218571
24800,1,15.957,42.1253,0.8525,0.21625
24900,1,15.9528,46.1747,0.8525,0.206667
25000,2,22.9622,47.0128,2.68095,0.209
25100,2,23.0293,48.2008,2.59789,0.13
25200,3,31.2891,52.6715,2.59789,0.165
25300,3,31.4087,51.7459,2.59789,0.176667
25400,3,30.6732,47.9005,2.59789,0.1725
25500,2,24.1303,43.5619,0.594678,0.186
25600,1,15.7812,47.3244,0.139605,0.18
25700,1,15.5917,51.3201,0.329106,0.171429
25800,1,13.6558,51.6334,2.26498,0.1675
25900,1,14.9804,38.0779,0.940426,0.168889
26000,1,15.4447,32.9468,0.522892,0.163
26100,1,13.3102,41.7479,2.62824,0.15
26200,1,14.0988,45.7054,1.86042,0.165
26300,1,14.9341,43.3923,1.01113,0.19
26400,1,14.5314,43.492,1.41374,0.1875
26500,1,14.7988,42.2964,1.1385,0.184
26600,1,14.7498,42.3866,1.1385,0.176667
26700,1,15.1347,42.7891,0.747816,0.18
26800,1,15.0141,38.6706,0.747816,0.17125
26900,1,14.9731,45.8036,0.915049,0.175556
27000,1,16.8373,48.9065,0.277718,0.356616
27100,1,16.9434,48.3922,0.171579,0.15
27200,1,15.6166,49.9879,1.23631,0.18
27300,1,16.2273,54.5411,0.57152,0.2
27400,1,15.382,62.5314,1.46536,0.1925
27500,2,23.9919,61.1088,0.368471,0.188
27600,2,22.8079,61.0316,1.41979,0.195
27700,2,21.8659,63.8531,1.70243,0.194286
27800,1,13.6403,63.439,3.09217,0.2025
27900,1,16.9114,67.7326,0.186133,0.2
28000,3,32.0626,34.0031,0.35464,0.1745
28100,3,31.5651,34.3341,0.871423,0.18
28200,2,22.0336,34.9617,1.5696,0.205
28300,2,21.6137,45.1352,1.5696,0.23
28400,1,13.2337,43.2479,2.55194,0.2225
28500,3,26.4445,44.6754,3.28383,0.204
28600,2,20.91,47.5958,1.90455,0.201667
28700,2,20.2944,49.5338,2.66986,0.197143
28800,2,19.9455,47.7543,2.66986,0.20125
28900,3,26.632,48.2935,1.49123,0.195556
29000,0,8.12277,43.9256,0.66429,0.193714
29100,1,16.7145,39.8019,0.148118,0.17
29200,0,8.51679,39.3389,0.249399,0.18
29300,1,14.4918,36.8761,2.42105,0.19
29400,0,7.8463,45.0572,0.919887,0.19
29500,1,15.1529,44.9954,0.919887,0.188
29600,0,7.86559,42.4186,0.919887,0.186667
29700,0,8.04376,38.4524,0.741715,0.18
29800,1,14.2152,37.8379,1.47202,0.18625
29900,1,15.1337,42.6761,1.08617,0.192222
30000,5,43.793,94.4389,4.63497,0.1931
30100,5,45.6615,95.9919,2.8731,0.15
30200,6,54.6757,96.2448,2.8731,0.155
30300,5,45.9808,97.1002,4.01681,0.173333
30400,5,48.7498,92.7538,1.823,0.1675
30500,6,53.6627,90.7463,4.6522,0.17
30600,7,60.4745,92.8507,4.6522,0.18
30700,6,52.1426,97.6425,4.59861,0.188571
30800,2,24.5457,97.1096,0.987596,0.19625
30900,2,24.677,93.9539,0.60597,0.196667
31000,0,8.29708,50.7083,0.498023,0.1885
31100,0,8.42869,48.2433,0.366409,0.17
31200,1,16.6596,49.5328,0.319037,0.185
31300,1,15.0624,54.7228,0.963127,0.203333
31400,1,14.3707,65.3409,1.63679,0.205
31500,3,29.5566,66.7237,1.63679,0.22
31600,3,29.5566,69.446,1.63679,0.216667
31700,1,15.1183,66.0869,1.63679,0.214286
31800,1,13.9351,68.8525,2.418,0.21125
31900,1,15.4362,70.1907,0.732702,0.214444
32000,0,8.4468,68.5508,0.373696,0.215
32100,0,8.10768,68.4086,0.726296,0.21
32200,0,8.418,62.7203,0.383449,0.19
32300,0,8.39315,55.5404,0.383449,0.163333
32400,1,16.0179,57.4557,0.308963,0.1675
32500,1,15.127,59.7998,1.1576,0.178
32600,1,16.0758,66.7607,0.828883,0.186667
32700,0,7.93941,61.2754,0.828883,0.184286
32800,0,7.5332,59.1186,1.27664,0.1775
32900,0,8.18326,60.2962,0.626575,0.176667
33000,0,8.18326,63.0504,0.626575,0.17
33100,1,14.014,62.186,1.36709,0.17
33200,0,8.12947,61.1861,0.664036,0.185
33300,1,15.5778,60.5651,0.329217,0.17
33400,0,8.47783,68.2787,0.329217,0.1925
33500,0,7.90586,69.919,0.904115,0.176
33600,0,7.88347,64.9181,0.904115,0.175
33700,0,7.66692,62.7665,1.12067,0.177143
33800,1,17.1518,66.6805,0.305052,0.175
33900,0,8.73622,66.5559,0.0730351,0.177778
34000,0,8.54387,60.5229,0.265387,0.181
34100,2,25.1841,59.7377,0.544943,0.22
34200,1,16.9663,57.7172,0.544943,0.185
34300,0,8.26431,59.3301,0.544943,0.176667
34400,0,7.6977,52.8834,1.11155,0.1825
34500,0,7.70206,56.211,1.09969,0.18
34600,1,16.0944,59.4053,1.09969,0.18
34700,0,8.34783,64.4665,0.453908,0.175714
34800,0,8.07918,71.5604,0.733071,0.1775
34900,0,8.15987,77.9063,0.655195,0.171111
35000,0,8.48691,76.8671,0.347035,0.166
35100,0,7.295,73.1895,1.50535,0.16
35200,0,8.19458,76.9513,0.605776,0.13
35300,0,8.71295,81.5797,0.0874057,0.13
35400,0,8.71295,81.946,0.0874057,0.1425
35500,1,14.6712,93.0994,0.101738,0.142
35600,2,23.3767,92.1019,0.816632,0.145
35700,3,28.138,99.6639,2.81049,0.144286
35800,2,21.4528,102.028,2.81049,0.15375
35900,3,26.2023,97.783,2.81049,0.156667
36000,3,28.0932,95.3312,1.85974,0.157
36100,2,22.5818,94.8482,1.85974,0.12
36200,2,22.3447,92.4001,2.67221,0.13
36300,2,24.002,92.9964,1.25226,0.143333
36400,1,15.1008,95.9818,0.993651,0.155
36500,3,31.4429,94.0083,0.910031,0.17
36600,2,23.2424,95.4197,0.910031,0.168333
36700,1,15.6776,97.5034,0.51403,0.185714
36800,1,15.3069,103.926,0.51403,0.175
36900,1,16.2677,102.116,0.228711,0.168889
37000,1,13.8856,123.264,0.833034,0.188714
37100,1,12.7258,112.273,2.22101,0.23
37200,1,14.5992,110.335,0.634572,0.165
37300,1,16.1302,104.856,0.502794,0.17
37400,2,22.8898,110.376,0.502794,0.16
37500,2,20.3997,108.61,2.82143,0.164
37600,2,20.6594,105.416,2.74463,0.168333
37700,1,13.094,99.7948,1.05212,0.171429
37800,1,12.9998,101.281,1.33452,0.17875
37900,1,12.2235,102.239,1.29732,0.176667
38000,1,10.856,102.887,1.29732,0.173
38100,1,12.1349,102.092,0.990788,0.21
38200,1,12.5343,98.4125,0.990788,0.205
38300,1,12.5793,100.266,0.945788,0.196667
38400,2,20.2721,108.512,0.945788,0.19
38500,2,18.3454,111.072,1.48239,0.188
38600,1,13.0274,113.543,0.488299,0.19
38700,1,13.0331,112.107,0.488299,0.191429
38800,1,13.042,116.36,0.573271,0.185
38900,1,14.6742,109.042,0.573271,0.178889
39000,1,15.8609,123.189,0.537613,0.181333
39100,2,23.2717,127.267,0.507272,0.17
39200,3,31.3905,128.451,0.656555,0.17
39300,3,26.4202,124.816,4.27037,0.186667
39400,2,18.2655,116.101,4.18802,0.19
39500,3,26.0565,116.691,4.18802,0.178
39600,4,31.8463,119.166,4.18802,0.173333
39700,4,33.7009,122.709,4.50316,0.167143
39800,4,35.4381,119.814,2.79668,0.16875
39900,3,27.6036,122.528,2.79668,0.17
