generation,N_shifts,logPrior,logLik,eventRate,acceptRate
0,0,-6.13025,-808.284,1,0
100,2,-23.52,-271.162,0.192382,0.22
200,2,-20.5983,-240.104,0.479194,0.255
300,2,-20.0784,-177.402,0.479194,0.246667
400,2,-19.4322,-111.686,0.83227,0.2475
500,1,-13.0351,-78.1379,0.83227,0.242
600,1,-14.134,-59.2307,1.6099,0.236667
700,2,-20.7624,-56.812,1.6099,0.231429
800,2,-21.5802,-49.703,1.36806,0.2325
900,3,-29.6231,-48.1111,1.36806,0.236667
1000,1,-14.4921,-47.2076,0.542926,0.239
1100,1,-14.2288,-30.7821,1.08481,0.22
1200,2,-20.2959,-34.5176,1.08481,0.245
1300,1,-14.1029,-29.0246,1.10549,0.26
1400,3,-27.6139,-37.3785,2.39281,0.265
1500,3,-29.1168,-34.2405,3.46019,0.27
1600,2,-22.2685,-33.2169,2.59368,0.26
1700,2,-20.6573,-37.1136,0.417189,0.261429
1800,1,-13.9296,-35.6028,0.479764,0.25875
1900,2,-20.2301,-29.9319,1.40166,0.256667
2000,2,-20.0543,-33.3345,0.601396,0.261
2100,2,-23.0454,-31.5786,1.62793,0.23
2200,2,-22.6696,-31.1438,1.62793,0.255
2300,2,-21.6256,-32.8282,1.62793,0.286667
2400,2,-21.5391,-36.0798,1.62793,0.275
2500,2,-20.2779,-36.1241,1.62793,0.288
2600,1,-13.5111,-28.4783,1.05107,0.283333
2700,1,-12.7808,-25.6641,0.887814,0.28
2800,1,-12.5903,-24.0065,0.747763,0.2825
2900,1,-12.2438,-25.2439,0.491464,0.28
3000,2,-20.2048,-26.0717,2.54855,0.275
3100,3,-26.1567,-28.5744,2.45911,0.24
3200,2,-18.4813,-28.4499,0.878625,0.225
3300,3,-27.4773,-27.5229,2.82407,0.233333
3400,1,-14.5051,-28.0954,2.82407,0.2425
3500,2,-21.3501,-31.5556,0.900299,0.246
3600,0,-6.48543,-43.5809,1.03097,0.266667
3700,2,-17.7246,-38.1126,0.321652,0.264286
3800,1,-11.6413,-41.3839,0.321652,0.2625
3900,1,-11.284,-42.8334,0.511081,0.274444
4000,5,-40.2159,-38.5503,4.44975,0.268683
4100,5,-40.0829,-36.6154,3.97274,0.32
4200,4,-31.5753,-42.2303,2.72881,0.3
4300,4,-32.4342,-46.4085,0.893649,0.303333
4400,2,-19.8809,-51.0589,2.61352,0.315
4500,1,-12.2518,-50.6932,0.428991,0.31
4600,1,-11.784,-45.0766,0.183526,0.305
4700,1,-11.6752,-43.1885,0.299752,0.308571
4800,1,-12.5443,-43.0165,1.09548,0.3075
4900,2,-19.9841,-37.6091,2.98199,0.312222
5000,0,-6.36268,-29.5987,0.668128,0.277
5100,0,-5.58165,-34.9087,0.167254,0.26
5200,0,-5.85876,-33.0287,0.519122,0.255
5300,0,-5.93192,-31.4954,0.578762,0.24
5400,0,-7.23575,-36.4756,1.64832,0.245
5500,1,-14.3481,-31.5565,0.90248,0.252
5600,0,-7.93188,-36.0598,1.22527,0.261667
5700,0,-7.78129,-41.6285,1.09502,0.26
5800,0,-5.59384,-41.9021,0.0553975,0.25125
5900,0,-5.61747,-38.3336,0.0202464,0.247778
6000,0,-5.75677,-17.1788,0.135619,0.251291
6100,0,-6.21806,-13.9455,0.484458,0.2
6200,0,-6.59449,-16.1952,0.484458,0.215
6300,0,-6.68844,-12.9505,0.484458,0.216667
6400,1,-12.0385,-14.2798,0.0860818,0.24
6500,0,-6.98033,-20.4453,0.0353615,0.25
6600,0,-8.29713,-16.4973,0.121126,0.243333
6700,1,-15.7469,-15.3109,0.825673,0.234286
6800,1,-15.8336,-12.635,0.814893,0.24125
6900,0,-11.9775,-12.3151,1.96873,0.244444
7000,0,-9.86575,-12.3198,0.137378,0.247
7100,1,-16.4123,-22.7599,0.317057,0.22
7200,1,-19.2473,-21.6925,1.24794,0.255
7300,0,-8.21381,-26.0322,0.213798,0.263333
7400,0,-8.1377,-22.6176,0.325219,0.245
7500,0,-8.97687,-24.5411,0.847308,0.244
7600,1,-14.3154,-25.7296,0.357144,0.243333
7700,0,-7.01346,-25.3142,0.357144,0.228571
7800,0,-7.1853,-26.7235,0.92962,0.2275
7900,0,-6.52618,-23.9881,0.499919,0.224444
8000,0,-5.61023,-26.057,0.207725,0.223
8100,1,-13.8447,-26.0509,1.19417,0.26
8200,1,-15.4911,-25.0306,1.80115,0.26
8300,3,-27.7369,-23.3428,1.80115,0.25
8400,2,-24.1673,-22.7656,3.78585,0.2525
8500,3,-27.0814,-22.5755,1.29135,0.274
8600,0,-6.83222,-21.7779,1.29135,0.261667
8700,0,-5.87477,-18.855,0.51631,0.252857
8800,0,-5.85188,-16.4553,0.442968,0.24875
8900,0,-5.56012,-19.4554,0.233939,0.247778
9000,1,-12.5368,-17.8717,1.05004,0.24
9100,0,-5.75031,-19.5662,0.456813,0.27
9200,0,-6.64139,-18.5767,1.36782,0.28
9300,1,-12.4837,-21.9724,0.555364,0.256667
9400,0,-5.45678,-20.6081,0.15417,0.2425
9500,1,-12.7254,-25.2606,1.70111,0.244
9600,1,-15.0246,-33.3426,1.70111,0.248333
9700,0,-7.56254,-33.9294,1.91094,0.251429
9800,0,-5.6615,-30.2275,0.103659,0.245
9900,0,-6.35088,-26.6348,0.508029,0.241111
10000,1,-13.0061,-26.3274,1.28063,0.246
10100,1,-12.862,-24.884,1.28063,0.29
10200,0,-5.98377,-24.009,0.472864,0.265
10300,0,-5.50761,-26.468,0.0795109,0.266667
10400,0,-5.48515,-28.9907,0.126505,0.2575
10500,0,-5.59973,-27.6423,0.241082,0.256
10600,0,-5.64053,-25.7433,0.345117,0.255
10700,1,-13.3931,-18.7303,0.76539,0.247143
10800,1,-13.2594,-7.87468,1.49991,0.2525
10900,2,-19.0277,-8.22666,1.40503,0.251111
11000,1,-12.7654,-22.5446,0.671817,0.241
11100,0,-6.17784,-19.4424,0.703111,0.22
11200,0,-6.54084,-16.3954,0.851597,0.2
11300,0,-5.75686,-16.672,0.432538,0.213333
11400,0,-5.79741,-16.2067,0.435812,0.2125
11500,0,-5.70783,-16.4075,0.183879,0.22
11600,0,-5.72662,-15.5862,0.326159,0.216667
11700,0,-5.50962,-11.7902,0.149353,0.217143
11800,0,-5.67415,-9.08276,0.149353,0.2025
11900,1,-14.3735,-4.43789,0.639709,0.206667
12000,1,-14.0952,-7.09843,0.639709,0.206
12100,2,-22.2328,-9.10681,3.6008,0.28
12200,2,-18.8257,-8.03506,1.12634,0.285
12300,2,-18.5891,-7.82098,1.15568,0.26
12400,1,-12.9863,-5.81598,0.942255,0.2425
12500,2,-19.7951,-6.33304,0.810305,0.24
12600,1,-13.2968,-7.59973,0.783826,0.241667
12700,1,-12.0851,-5.36992,0.645313,0.237143
12800,0,-6.08611,-9.45616,0.601781,0.23125
12900,0,-6.14963,-11.8461,0.601781,0.216667
13000,0,-6.28411,-12.5431,0.601781,0.207
13100,1,-12.975,-10.9614,0.431415,0.28
13200,0,-5.92878,-9.64185,0.217836,0.255
13300,0,-6.41752,-17.6343,0.10838,0.236667
13400,0,-7.7591,-11.1425,0.625292,0.2375
13500,1,-11.5595,-15.3794,0.741118,0.238
13600,0,-5.90958,-14.4662,0.117216,0.243333
13700,0,-5.65852,-13.507,0.117216,0.232857
13800,0,-5.63104,-13.7686,0.20039,0.23
13900,0,-5.36748,-8.21303,0.0478312,0.224444
14000,0,-5.35618,-11.3297,0.0905196,0.225
14100,0,-5.51405,-12.7357,0.09809,0.15
14200,0,-5.91268,-11.3192,0.557651,0.2
14300,1,-12.2645,-10.896,1.3484,0.223333
14400,2,-20.5812,-14.3864,3.10272,0.225
14500,2,-17.2375,-10.2746,0.791235,0.216
14600,1,-13.3998,-4.05747,0.888874,0.221667
14700,1,-14.2299,-6.75772,1.57402,0.224286
14800,3,-30.394,-7.13331,1.83395,0.23
14900,4,-39.2663,-6.08293,4.83763,0.236667
15000,4,-34.7001,-9.50577,2.01921,0.241
15100,3,-25.8857,-14.0228,1.83244,0.22
15200,3,-25.8217,-18.5118,1.71618,0.25
15300,2,-20.5401,-17.0593,1.71618,0.243333
15400,2,-20.7088,-26.0128,1.45441,0.255
15500,3,-29.1815,-27.7318,3.63973,0.25
15600,4,-33.2411,-28.1573,1.18975,0.245
15700,3,-27.086,-30.3352,1.11357,0.254286
15800,3,-28.4546,-32.8736,3.38722,0.25375
15900,2,-20.6473,-34.574,1.25484,0.265556
16000,1,-11.4893,-31.0692,0.186219,0.25775
16100,0,-5.98642,-33.118,0.338093,0.25
16200,0,-5.91215,-32.6883,0.338158,0.21
16300,0,-6.39778,-29.2081,0.338158,0.206667
16400,0,-6.37561,-28.6604,0.0958441,0.22
16500,0,-6.70929,-34.6586,0.146534,0.228
16600,0,-7.5751,-36.1646,0.658398,0.228333
16700,0,-7.20603,-30.2749,0.153472,0.22
16800,1,-13.8086,-27.9832,0.888152,0.22
16900,3,-26.0282,-34.079,1.2259,0.233333
17000,0,-6.2255,-29.8496,0.890966,0.252573
17100,2,-19.6677,-28.7805,1.2488,0.28
17200,2,-20.2819,-27.6025,1.28949,0.305
17300,1,-13.222,-23.1362,0.274278,0.296667
17400,0,-5.61098,-22.659,0.28848,0.2675
17500,0,-5.66069,-26.894,0.333474,0.254
17600,1,-13.1976,-21.7117,0.239715,0.25
17700,1,-14.1542,-20.2523,0.766618,0.247143
17800,1,-12.3365,-16.9268,0.766618,0.25125
17900,0,-5.6676,-20.0153,0.173028,0.251111
18000,0,-7.00606,-30.644,0.0850403,0.271
18100,0,-6.04024,-33.9912,0.0298962,0.23
18200,0,-6.25071,-33.7639,0.016074,0.215
18300,0,-5.77865,-31.6402,0.0796182,0.23
18400,0,-5.50655,-31.5224,0.0371435,0.245
18500,0,-6.73812,-28.2423,1.25908,0.232
18600,2,-18.3651,-28.7947,1.70065,0.246667
18700,2,-18.6834,-24.8553,1.70065,0.241429
18800,4,-34.5328,-29.2748,1.70065,0.245
18900,3,-26.4389,-29.3872,1.70065,0.242222
19000,0,-7.86391,-32.5094,2.21627,0.244
19100,0,-6.79077,-30.07,1.13816,0.26
19200,2,-19.8995,-29.2667,1.13816,0.245
19300,2,-19.2859,-33.5177,0.245117,0.24
19400,0,-5.87188,-32.7568,0.560009,0.2375
19500,0,-5.87188,-35.2604,0.560009,0.23
19600,1,-14.991,-39.5959,2.66124,0.235
19700,1,-11.9196,-36.8506,0.749218,0.238571
19800,0,-6.02258,-36.1745,0.639692,0.23875
19900,0,-5.73058,-31.9645,0.415016,0.235556
20000,0,-6.05123,-22.7638,0.224245,0.229
20100,1,-12.4983,-26.4061,0.599904,0.23
20200,0,-6.35066,-19.0877,0.199273,0.275
20300,0,-6.75494,-15.7984,0.516766,0.256667
20400,0,-8.93699,-13.3792,2.72339,0.2775
20500,1,-15.0251,-16.9785,2.72339,0.268
20600,1,-13.6253,-21.495,1.55158,0.27
20700,1,-13.7977,-30.973,1.39155,0.265714
20800,0,-6.62259,-29.6659,0.583057,0.25625
20900,0,-6.00968,-21.4676,0.238961,0.258889
21000,0,-6.43181,-26.0479,0.238961,0.251
21100,0,-6.32933,-21.8936,0.238961,0.17
21200,0,-5.95354,-16.8304,0.284245,0.185
21300,0,-6.43999,-19.6806,0.693672,0.183333
21400,0,-6.20015,-19.2394,0.456065,0.2025
21500,0,-6.20015,-23.952,0.456065,0.2
21600,0,-6.09939,-26.8571,0.306631,0.193333
21700,0,-6.43631,-31.0415,0.774129,0.188571
21800,1,-13.7607,-29.5407,1.87162,0.1925
21900,2,-20.8534,-25.0083,1.87162,0.208889
22000,1,-14.7709,-29.6684,0.673113,0.251
22100,1,-14.4832,-28.5888,0.391138,0.28
22200,0,-8.02236,-22.5779,0.267958,0.27
22300,0,-8.70639,-26.2937,0.627526,0.246667
22400,0,-8.69322,-24.8491,0.627526,0.2275
22500,1,-15.9265,-21.7849,0.803498,0.216
22600,1,-16.7719,-32.2219,1.6611,0.221667
22700,1,-16.9387,-27.6251,0.56824,0.234286
22800,0,-7.30651,-30.7297,0.251549,0.2325
22900,0,-7.03243,-23.4778,0.0940564,0.231111
23000,0,-7.36564,-27.2903,0.0186891,0.235
23100,0,-6.74396,-23.1233,0.043303,0.18
23200,0,-6.01375,-23.3994,0.0287356,0.175
23300,0,-5.8223,-23.4253,0.232929,0.213333
23400,0,-5.65112,-30.546,0.323021,0.22
23500,0,-6.00896,-32.3872,0.323021,0.232
23600,0,-6.31476,-25.9157,0.323021,0.228333
23700,0,-6.13749,-30.0242,0.202078,0.228571
23800,0,-6.09957,-23.7586,0.307497,0.23
23900,0,-7.90178,-30.6545,1.65212,0.23
24000,1,-16.6372,-35.4075,1.65212,0.237
24100,1,-15.1188,-31.2123,1.15122,0.3
24200,0,-6.4497,-28.5861,1.15122,0.265
24300,0,-5.80028,-34.607,0.401383,0.233333
24400,0,-5.75102,-32.0282,0.401383,0.2325
24500,0,-5.73394,-27.7725,0.402422,0.234
24600,0,-6.23668,-19.1636,0.905162,0.215
24700,1,-12.8781,-22.1413,0.214205,0.212857
24800,0,-5.74656,-20.2858,0.214205,0.205
24900,1,-13.5798,-21.7766,0.366567,0.205556
25000,0,-5.72234,-22.5667,0.438018,0.211
25100,0,-5.76833,-18.1351,0.438018,0.2
25200,0,-5.55389,-14.1988,0.223572,0.215
25300,0,-5.96648,-18.7695,0.557186,0.233333
25400,0,-5.90941,-13.2908,0.402264,0.245
25500,1,-12.6361,-14.7369,0.900505,0.228
25600,2,-20.0926,-14.3263,0.900505,0.238333
25700,0,-6.64197,-14.1701,1.1502,0.231429
25800,1,-12.715,-13.8085,1.25764,0.23375
25900,0,-6.62541,-19.6514,0.933926,0.232222
26000,1,-18.9123,-28.5257,0.685052,0.243
26100,0,-7.36909,-25.5532,0.685052,0.24
26200,0,-7.20111,-23.4025,0.134379,0.25
26300,0,-7.43457,-23.8548,0.328051,0.246667
26400,0,-7.67323,-21.5832,0.341206,0.245
26500,0,-7.49947,-21.2195,0.167443,0.242
26600,0,-7.51738,-18.4827,0.159094,0.231667
26700,0,-8.58007,-14.4856,1.14566,0.235714
26800,0,-7.64971,-16.2375,0.147467,0.225
26900,0,-7.52017,-16.1882,0.147467,0.218889
27000,0,-7.9373,-18.3186,1.00507,0.219
27100,0,-7.51514,-17.494,0.535461,0.24
27200,1,-13.6168,-17.2575,0.76279,0.22
27300,2,-20.5528,-13.2668,1.8868,0.216667
27400,2,-19.7097,-10.2826,0.817326,0.25
27500,2,-19.5345,-6.24176,1.00022,0.242
27600,2,-19.4759,-4.50003,1.00022,0.225
27700,0,-7.37968,-5.98533,0.595298,0.234286
27800,0,-8.29606,-5.9364,1.22906,0.22375
27900,0,-7.06517,-8.66711,0.0406451,0.224444
28000,0,-7.49156,-6.15246,0.306398,0.22
28100,0,-6.98228,-6.26751,0.055017,0.2
28200,0,-6.47042,-6.23457,0.0584182,0.195
28300,0,-7.01761,-5.31268,0.274221,0.19
28400,0,-6.67725,-5.18222,0.0308828,0.205
28500,0,-6.44019,-10.1262,0.0308828,0.214
28600,0,-6.3568,-12.7726,0.0308828,0.228333
28700,0,-6.22184,-13.0333,0.00533458,0.23
28800,0,-5.96741,-10.5306,0.00815067,0.225
28900,0,-5.79159,-9.89496,0.0370914,0.224444
29000,0,-6.02014,-8.11965,0.251394,0.225
29100,0,-5.95213,-9.05294,0.251394,0.18
29200,0,-6.18317,-8.01221,0.540151,0.185
29300,0,-5.74206,-1.68299,0.116518,0.203333
29400,0,-5.83256,0.241485,0.216369,0.195
29500,0,-5.80152,-7.78338,0.147905,0.192
29600,0,-6.97068,-6.67273,1.30892,0.206667
29700,3,-24.1081,-4.99076,1.30892,0.202857
29800,1,-13.5948,-5.06842,2.05736,0.2025
29900,0,-6.81964,-4.9123,0.969436,0.202222
30000,1,-11.7487,-8.67405,0.863301,0.2216
30100,0,-5.84814,-10.2216,0.515173,0.2
30200,0,-5.32169,-9.42954,0.0201365,0.18
30300,0,-5.59787,-9.88756,0.240851,0.176667
30400,1,-13.8518,-15.0075,2.34772,0.1975
30500,0,-6.65891,-17.6286,1.04568,0.21
30600,1,-14.0914,-11.0427,0.55679,0.211667
30700,1,-14.8482,-10.1279,1.40136,0.224286
30800,0,-5.92859,-15.9544,0.188895,0.2325
30900,0,-6.303,-18.665,0.492242,0.23
31000,2,-19.0066,-15.2362,1.45555,0.2428
31100,0,-5.86576,-16.1832,0.546752,0.21
31200,2,-18.1385,-11.2762,1.3462,0.26
31300,0,-5.67331,-8.81813,0.38165,0.246667
31400,0,-5.77177,-10.6325,0.528563,0.25
31500,0,-6.21022,-13.2487,0.866163,0.236
31600,0,-5.67981,-14.4193,0.295775,0.22
31700,0,-6.03085,-12.113,0.695238,0.215714
31800,0,-6.05925,-16.6951,0.695238,0.21
31900,0,-6.04329,-18.0203,0.640859,0.21
32000,0,-6.04997,-22.5702,0.640859,0.205
32100,0,-5.44715,-23.2085,0.028181,0.23
32200,0,-5.66347,-26.759,0.205505,0.235
32300,0,-6.51793,-27.2473,1.05569,0.246667
32400,0,-6.3296,-17.7402,0.867358,0.25
32500,2,-17.5002,-20.4936,0.867358,0.258
32600,0,-7.88842,-22.2773,2.54393,0.26
32700,2,-18.9875,-25.5809,2.54393,0.255714
32800,4,-31.8259,-25.6165,2.54393,0.25875
32900,1,-12.2928,-29.5265,1.50933,0.266667
33000,0,-5.72579,-26.4248,0.438655,0.266
33100,0,-5.39356,-30.5452,0.0738735,0.34
33200,0,-5.77424,-24.7524,0.454939,0.27
33300,1,-12.9472,-22.7753,2.13709,0.24
33400,1,-11.4544,-27.0217,0.396749,0.2525
33500,1,-11.2432,-27.3079,0.396749,0.248
33600,0,-5.543,-32.2055,0.156326,0.235
33700,1,-13.3261,-23.5787,1.20507,0.237143
33800,0,-6.36693,-29.1931,1.03408,0.24625
33900,0,-6.38136,-24.2477,1.03408,0.236667
34000,0,-7.19341,-17.9011,1.38692,0.237042
34100,1,-13.4104,-15.1016,0.549537,0.23
34200,0,-6.18415,-19.9608,0.549537,0.25
34300,0,-6.08197,-19.1774,0.563353,0.203333
34400,0,-5.74959,-25.7793,0.251191,0.205
34500,0,-5.83264,-19.2007,0.339904,0.202
34600,0,-5.86663,-24.5892,0.339904,0.215
34700,1,-12.4813,-22.2481,1.10474,0.207143
34800,1,-12.8498,-25.262,1.10474,0.2125
34900,1,-14.0374,-27.9096,1.2757,0.227778
35000,1,-12.4186,-18.7294,1.3448,0.2175
35100,2,-19.8711,-18.5119,2.55664,0.28
35200,0,-7.87931,-16.4878,2.55664,0.3
35300,0,-5.94969,-11.8151,0.501719,0.293333
35400,1,-11.4678,-15.708,0.174545,0.2775
35500,0,-5.55846,-8.81963,0.281337,0.258
35600,1,-12.9011,-3.65153,0.97352,0.245
35700,1,-12.6968,-5.14705,1.80194,0.247143
35800,1,-14.2242,-9.07437,2.27799,0.245
35900,0,-6.15717,-8.17326,0.876789,0.241111
36000,0,-5.40574,-22.1083,0.0489855,0.219857
36100,0,-5.40062,-20.7272,0.106427,0.24
36200,1,-14.4277,-26.0048,0.448381,0.235
36300,2,-22.0064,-27.0862,1.67811,0.263333
36400,1,-13.1418,-24.1092,1.52615,0.27
36500,1,-17.2206,-28.5677,1.10433,0.268
36600,0,-6.22235,-26.7075,0.800342,0.265
36700,0,-6.13117,-21.9177,0.641605,0.255714
36800,1,-12.9417,-20.8799,0.904096,0.25625
36900,2,-23.3217,-19.6661,1.08202,0.256667
37000,2,-23.992,-22.5013,1.24341,0.25
37100,2,-23.4068,-18.9881,1.24341,0.23
37200,2,-23.5783,-10.9935,1.66353,0.225
37300,2,-19.3608,-12.504,1.2466,0.206667
37400,0,-6.83744,-15.3005,1.12919,0.2225
37500,0,-6.58805,-19.094,0.955845,0.226
37600,1,-12.1071,-20.5309,0.955845,0.23
37700,0,-6.36684,-20.4217,0.881515,0.244286
37800,0,-7.01305,-19.3764,1.03292,0.24875
37900,0,-6.76037,-21.3482,0.768379,0.244444
38000,0,-6.03284,-23.5826,0.136763,0.25
38100,0,-7.36932,-21.6121,1.47324,0.26
38200,0,-6.50413,-18.3477,0.60805,0.255
38300,1,-14.0131,-16.4523,0.60805,0.22
38400,1,-14.8423,-15.7322,1.79499,0.245
38500,1,-13.9286,-18.8839,1.09195,0.246
38600,0,-6.67258,-18.1558,0.673789,0.241667
38700,0,-6.80517,-19.9034,0.687589,0.224286
38800,1,-15.0895,-15.9565,2.08368,0.22625
38900,1,-13.7368,-18.8031,0.201559,0.225556
39000,0,-6.47458,-23.7902,0.950985,0.243
39100,0,-5.55605,-25.1172,0.0987968,0.23
39200,0,-5.46703,-26.6927,0.03197,0.255
39300,0,-6.36635,-26.3272,0.935692,0.253333
39400,0,-9.06824,-24.7299,3.6463,0.2725
39500,1,-13.6482,-26.2728,1.381,0.266
39600,1,-13.3998,-27.1154,0.881908,0.265
39700,1,-12.6994,-24.3361,1.50392,0.26
39800,0,-5.89532,-23.6016,0.440176,0.2525
39900,0,-6.03647,-20.2518,0.576452,0.245556
